0,2.42103e+06
0.01,1.98283e+06
0.02,1.62498e+06
0.03,1.33275e+06
0.04,1.09411e+06
0.05,899217
0.06,740057
0.07,610069
0.08,503900
0.09,417178
0.1,346332
0.11,288448
0.12,241145
0.13,202479
0.14,170863
0.15,145001
0.16,123836
0.17,106503
0.18,92296.5
0.19,80642.1
0.2,71069.5
0.21,63195.1
0.22,56706.1
0.23,51346.9
0.24,46909.4
0.25,43223.4
0.26,40150.2
0.27,37576.9
0.28,35411.1
0.29,33577.7
0.3,32015.4
0.31,30674.3
0.32,29513.7
0.33,28500.5
0.34,27607.7
0.35,26813.5
0.36,26099.9
0.37,25452.5
0.38,24859.5
0.39,24311.4
0.4,23800.3
0.41,23320
0.42,22865.4
0.43,22432.3
0.44,22017.5
0.45,21618.2
0.46,21232.3
0.47,20858
0.48,20493.9
0.49,20138.9
0.5,19792
0.51,19452.6
0.52,19120
0.53,18793.8
0.54,18473.6
0.55,18159.1
0.56,17850.1
0.57,17546.3
0.58,17247.6
0.59,16953.8
0.6,16664.9
0.61,16380.8
0.62,16101.3
0.63,15826.5
0.64,15556.2
0.65,15290.4
0.66,15029
0.67,14772.1
0.68,14519.5
0.69,14271.1
0.7,14027.1
0.71,13787.2
0.72,13551.5
0.73,13319.9
0.74,13092.4
0.75,12868.8
0.76,12649.3
0.77,12433.6
0.78,12221.8
0.79,12013.8
0.8,11809.5
0.81,11609
0.82,11412.1
0.83,11218.7
0.84,11028.9
0.85,10842.6
0.86,10659.7
0.87,10480.2
0.88,10304
0.89,10131
0.9,9961.21
0.91,9794.58
0.92,9631.04
0.93,9470.53
0.94,9313.01
0.95,9158.41
0.96,9006.69
0.97,8857.79
0.98,8711.66
0.99,8568.24
1,8427.5
1.01,8289.37
1.02,8153.8
1.03,8020.76
1.04,7890.18
1.05,7762.03
1.06,7636.25
1.07,7512.8
1.08,7391.63
1.09,7272.7
1.1,7155.96
1.11,7041.38
1.12,6928.91
1.13,6818.5
1.14,6710.12
1.15,6603.72
1.16,6499.27
1.17,6396.72
1.18,6296.05
1.19,6197.2
1.2,6100.15
1.21,6004.86
1.22,5911.3
1.23,5819.42
1.24,5729.19
1.25,5640.59
1.26,5553.58
1.27,5468.12
1.28,5384.19
1.29,5301.76
1.3,5220.78
1.31,5141.25
1.32,5063.12
1.33,4986.37
1.34,4910.97
1.35,4836.9
1.36,4764.12
1.37,4692.62
1.38,4622.36
1.39,4553.32
1.4,4485.48
1.41,4418.82
1.42,4353.3
1.43,4288.91
1.44,4225.63
1.45,4163.43
1.46,4102.29
1.47,4042.19
1.48,3983.12
1.49,3925.04
1.5,3867.95
1.51,3811.82
1.52,3756.63
1.53,3702.36
1.54,3649.01
1.55,3596.54
1.56,3544.94
1.57,3494.2
1.58,3444.3
1.59,3395.23
1.6,3346.96
1.61,3299.48
1.62,3252.78
1.63,3206.84
1.64,3161.65
1.65,3117.19
1.66,3073.45
1.67,3030.42
1.68,2988.08
1.69,2946.42
1.7,2905.42
1.71,2865.09
1.72,2825.39
1.73,2786.33
1.74,2747.88
1.75,2710.05
1.76,2672.81
1.77,2636.15
1.78,2600.07
1.79,2564.56
1.8,2529.6
1.81,2495.18
1.82,2461.3
1.83,2427.94
1.84,2395.1
1.85,2362.76
1.86,2330.93
1.87,2299.57
1.88,2268.7
1.89,2238.3
1.9,2208.37
1.91,2178.89
1.92,2149.85
1.93,2121.25
1.94,2093.09
1.95,2065.35
1.96,2038.02
1.97,2011.1
1.98,1984.59
1.99,1958.47
2,1932.74
2.01,1907.39
2.02,1882.42
2.03,1857.81
2.04,1833.57
2.05,1809.68
2.06,1786.14
2.07,1762.95
2.08,1740.1
2.09,1717.58
2.1,1695.39
2.11,1673.51
2.12,1651.96
2.13,1630.72
2.14,1609.78
2.15,1589.14
2.16,1568.8
2.17,1548.76
2.18,1528.99
2.19,1509.51
2.2,1490.31
2.21,1471.38
2.22,1452.72
2.23,1434.32
2.24,1416.19
2.25,1398.3
2.26,1380.67
2.27,1363.29
2.28,1346.15
2.29,1329.25
2.3,1312.59
2.31,1296.16
2.32,1279.95
2.33,1263.98
2.34,1248.22
2.35,1232.68
2.36,1217.36
2.37,1202.24
2.38,1187.34
2.39,1172.64
2.4,1158.14
2.41,1143.84
2.42,1129.73
2.43,1115.82
2.44,1102.09
2.45,1088.56
2.46,1075.2
2.47,1062.03
2.48,1049.03
2.49,1036.21
2.5,1023.57
2.51,1011.09
2.52,998.78
2.53,986.635
2.54,974.653
2.55,962.832
2.56,951.168
2.57,939.659
2.58,928.303
2.59,917.099
2.6,906.042
2.61,895.132
2.62,884.367
2.63,873.743
2.64,863.26
2.65,852.914
2.66,842.704
2.67,832.629
2.68,822.685
2.69,812.871
2.7,803.186
2.71,793.627
2.72,784.192
2.73,774.88
2.74,765.689
2.75,756.618
2.76,747.664
2.77,738.825
2.78,730.101
2.79,721.489
2.8,712.989
2.81,704.598
2.82,696.314
2.83,688.137
2.84,680.065
2.85,672.095
2.86,664.228
2.87,656.462
2.88,648.794
2.89,641.224
2.9,633.75
2.91,626.371
2.92,619.086
2.93,611.893
2.94,604.791
2.95,597.779
2.96,590.855
2.97,584.019
2.98,577.268
2.99,570.603
3,564.022
3.01,557.523
3.02,551.105
3.03,544.768
3.04,538.51
3.05,532.33
3.06,526.228
3.07,520.201
3.08,514.25
3.09,508.372
3.1,502.568
3.11,496.835
3.12,491.174
3.13,485.582
3.14,480.06
3.15,474.606
3.16,469.22
3.17,463.9
3.18,458.645
3.19,453.455
3.2,448.329
3.21,443.265
3.22,438.264
3.23,433.324
3.24,428.445
3.25,423.625
3.26,418.864
3.27,414.161
3.28,409.516
3.29,404.927
3.3,400.394
3.31,395.916
3.32,391.493
3.33,387.123
3.34,382.806
3.35,378.541
3.36,374.328
3.37,370.166
3.38,366.054
3.39,361.992
3.4,357.979
3.41,354.014
3.42,350.096
3.43,346.226
3.44,342.403
3.45,338.625
3.46,334.892
3.47,331.204
3.48,327.561
3.49,323.961
3.5,320.403
3.51,316.889
3.52,313.416
3.53,309.985
3.54,306.594
3.55,303.244
3.56,299.934
3.57,296.663
3.58,293.43
3.59,290.236
3.6,287.08
3.61,283.961
3.62,280.88
3.63,277.834
3.64,274.825
3.65,271.85
3.66,268.912
3.67,266.007
3.68,263.137
3.69,260.301
3.7,257.497
3.71,254.727
3.72,251.99
3.73,249.284
3.74,246.61
3.75,243.967
3.76,241.356
3.77,238.774
3.78,236.223
3.79,233.702
3.8,231.21
3.81,228.747
3.82,226.313
3.83,223.907
3.84,221.529
3.85,219.179
3.86,216.856
3.87,214.56
3.88,212.29
3.89,210.047
3.9,207.83
3.91,205.638
3.92,203.472
3.93,201.331
3.94,199.215
3.95,197.122
3.96,195.054
3.97,193.01
3.98,190.99
3.99,188.992
4,187.018
4.01,185.066
4.02,183.137
4.03,181.229
4.04,179.344
4.05,177.48
4.06,175.638
4.07,173.816
4.08,172.016
4.09,170.236
4.1,168.476
4.11,166.736
4.12,165.017
4.13,163.316
4.14,161.636
4.15,159.974
4.16,158.331
4.17,156.707
4.18,155.101
4.19,153.514
4.2,151.944
4.21,150.392
4.22,148.858
4.23,147.342
4.24,145.842
4.25,144.359
4.26,142.893
4.27,141.444
4.28,140.011
4.29,138.594
4.3,137.193
4.31,135.808
4.32,134.439
4.33,133.085
4.34,131.746
4.35,130.422
4.36,129.113
4.37,127.819
4.38,126.539
4.39,125.274
4.4,124.023
4.41,122.785
4.42,121.562
4.43,120.352
4.44,119.156
4.45,117.973
4.46,116.804
4.47,115.647
4.48,114.504
4.49,113.373
4.5,112.254
4.51,111.148
4.52,110.055
4.53,108.973
4.54,107.904
4.55,106.846
4.56,105.801
4.57,104.766
4.58,103.744
4.59,102.732
4.6,101.732
4.61,100.743
4.62,99.7648
4.63,98.7975
4.64,97.8408
4.65,96.8946
4.66,95.959
4.67,95.0336
4.68,94.1184
4.69,93.2133
4.7,92.3182
4.71,91.433
4.72,90.5574
4.73,89.6915
4.74,88.8351
4.75,87.9882
4.76,87.1505
4.77,86.322
4.78,85.5025
4.79,84.6921
4.8,83.8905
4.81,83.0978
4.82,82.3136
4.83,81.5381
4.84,80.771
4.85,80.0123
4.86,79.2619
4.87,78.5197
4.88,77.7856
4.89,77.0594
4.9,76.3412
4.91,75.6308
4.92,74.9282
4.93,74.2331
4.94,73.5457
4.95,72.8656
4.96,72.193
4.97,71.5277
4.98,70.8696
4.99,70.2186
5,69.5747
5.01,68.9378
5.02,68.3077
5.03,67.6845
5.04,67.068
5.05,66.4582
5.06,65.8549
5.07,65.2582
5.08,64.6679
5.09,64.084
5.1,63.5063
5.11,62.9349
5.12,62.3697
5.13,61.8105
5.14,61.2573
5.15,60.7101
5.16,60.1688
5.17,59.6333
5.18,59.1035
5.19,58.5794
5.2,58.0609
5.21,57.548
5.22,57.0406
5.23,56.5386
5.24,56.042
5.25,55.5507
5.26,55.0647
5.27,54.5838
5.28,54.1081
5.29,53.6375
5.3,53.1719
5.31,52.7112
5.32,52.2555
5.33,51.8046
5.34,51.3585
5.35,50.9172
5.36,50.4805
5.37,50.0485
5.38,49.6211
5.39,49.1982
5.4,48.7798
5.41,48.3659
5.42,47.9563
5.43,47.5511
5.44,47.1502
5.45,46.7535
5.46,46.361
5.47,45.9727
5.48,45.5884
5.49,45.2082
5.5,44.8321
5.51,44.4599
5.52,44.0916
5.53,43.7273
5.54,43.3667
5.55,43.01
5.56,42.657
5.57,42.3077
5.58,41.9621
5.59,41.6202
5.6,41.2818
5.61,40.947
5.62,40.6157
5.63,40.2878
5.64,39.9634
5.65,39.6424
5.66,39.3248
5.67,39.0105
5.68,38.6995
5.69,38.3917
5.7,38.0871
5.71,37.7858
5.72,37.4875
5.73,37.1924
5.74,36.9004
5.75,36.6114
5.76,36.3254
5.77,36.0424
5.78,35.7624
5.79,35.4852
5.8,35.211
5.81,34.9395
5.82,34.6709
5.83,34.4051
5.84,34.1421
5.85,33.8818
5.86,33.6241
5.87,33.3692
5.88,33.1169
5.89,32.8671
5.9,32.62
5.91,32.3755
5.92,32.1334
5.93,31.8939
5.94,31.6568
5.95,31.4222
5.96,31.1899
5.97,30.9601
5.98,30.7327
5.99,30.5076
6,30.2848
6.01,30.0643
6.02,29.846
6.03,29.63
6.04,29.4162
6.05,29.2046
6.06,28.9952
6.07,28.7879
6.08,28.5828
6.09,28.3797
6.1,28.1787
6.11,27.9798
6.12,27.7829
6.13,27.588
6.14,27.3951
6.15,27.2042
6.16,27.0152
6.17,26.8282
6.18,26.643
6.19,26.4598
6.2,26.2784
6.21,26.0988
6.22,25.9211
6.23,25.7451
6.24,25.571
6.25,25.3986
6.26,25.228
6.27,25.0591
6.28,24.8919
6.29,24.7264
6.3,24.5625
6.31,24.4004
6.32,24.2398
6.33,24.0809
6.34,23.9236
6.35,23.7679
6.36,23.6137
6.37,23.4611
6.38,23.31
6.39,23.1605
6.4,23.0124
6.41,22.8658
6.42,22.7208
6.43,22.5771
6.44,22.4349
6.45,22.2941
6.46,22.1548
6.47,22.0168
6.48,21.8802
6.49,21.745
6.5,21.6111
6.51,21.4786
6.52,21.3474
6.53,21.2175
6.54,21.0888
6.55,20.9615
6.56,20.8354
6.57,20.7106
6.58,20.5871
6.59,20.4647
6.6,20.3436
6.61,20.2236
6.62,20.1049
6.63,19.9873
6.64,19.8709
6.65,19.7557
6.66,19.6416
6.67,19.5286
6.68,19.4167
6.69,19.3059
6.7,19.1963
6.71,19.0877
6.72,18.9801
6.73,18.8737
6.74,18.7682
6.75,18.6638
6.76,18.5605
6.77,18.4581
6.78,18.3568
6.79,18.2564
6.8,18.1571
6.81,18.0587
6.82,17.9612
6.83,17.8647
6.84,17.7692
6.85,17.6746
6.86,17.5809
6.87,17.4881
6.88,17.3962
6.89,17.3052
6.9,17.2151
6.91,17.1259
6.92,17.0376
6.93,16.9501
6.94,16.8634
6.95,16.7776
6.96,16.6926
6.97,16.6084
6.98,16.5251
6.99,16.4425
7,16.3608
7.01,16.2798
7.02,16.1996
7.03,16.1202
7.04,16.0416
7.05,15.9637
7.06,15.8865
7.07,15.8101
7.08,15.7344
7.09,15.6595
7.1,15.5853
7.11,15.5117
7.12,15.4389
7.13,15.3668
7.14,15.2953
7.15,15.2246
7.16,15.1545
7.17,15.0851
7.18,15.0163
7.19,14.9482
7.2,14.8808
7.21,14.8139
7.22,14.7477
7.23,14.6822
7.24,14.6172
7.25,14.5529
7.26,14.4892
7.27,14.4261
7.28,14.3635
7.29,14.3016
7.3,14.2402
7.31,14.1795
7.32,14.1193
7.33,14.0596
7.34,14.0005
7.35,13.942
7.36,13.884
7.37,13.8266
7.38,13.7697
7.39,13.7133
7.4,13.6574
7.41,13.6021
7.42,13.5473
7.43,13.493
7.44,13.4392
7.45,13.3859
7.46,13.333
7.47,13.2807
7.48,13.2289
7.49,13.1775
7.5,13.1266
7.51,13.0762
7.52,13.0263
7.53,12.9768
7.54,12.9277
7.55,12.8791
7.56,12.831
7.57,12.7833
7.58,12.736
7.59,12.6892
7.6,12.6428
7.61,12.5968
7.62,12.5512
7.63,12.5061
7.64,12.4613
7.65,12.417
7.66,12.3731
7.67,12.3296
7.68,12.2864
7.69,12.2437
7.7,12.2013
7.71,12.1593
7.72,12.1177
7.73,12.0765
7.74,12.0356
7.75,11.9952
7.76,11.955
7.77,11.9153
7.78,11.8759
7.79,11.8368
7.8,11.7981
7.81,11.7597
7.82,11.7217
7.83,11.684
7.84,11.6467
7.85,11.6097
7.86,11.573
7.87,11.5366
7.88,11.5006
7.89,11.4648
7.9,11.4294
7.91,11.3943
7.92,11.3596
7.93,11.3251
7.94,11.2909
7.95,11.257
7.96,11.2234
7.97,11.1902
7.98,11.1572
7.99,11.1245
8,11.092
8.01,11.0599
8.02,11.028
8.03,10.9964
8.04,10.9651
8.05,10.9341
8.06,10.9033
8.07,10.8728
8.08,10.8426
8.09,10.8126
8.1,10.7829
8.11,10.7534
8.12,10.7242
8.13,10.6952
8.14,10.6665
8.15,10.638
8.16,10.6098
8.17,10.5818
8.18,10.554
8.19,10.5265
8.2,10.4992
8.21,10.4722
8.22,10.4454
8.23,10.4188
8.24,10.3924
8.25,10.3663
8.26,10.3403
8.27,10.3146
8.28,10.2891
8.29,10.2638
8.3,10.2388
8.31,10.2139
8.32,10.1892
8.33,10.1648
8.34,10.1405
8.35,10.1165
8.36,10.0926
8.37,10.069
8.38,10.0455
8.39,10.0223
8.4,9.9992
8.41,9.97632
8.42,9.95363
8.43,9.93112
8.44,9.9088
8.45,9.88665
8.46,9.86469
8.47,9.84291
8.48,9.8213
8.49,9.79987
8.5,9.77862
8.51,9.75753
8.52,9.73662
8.53,9.71587
8.54,9.69529
8.55,9.67487
8.56,9.65462
8.57,9.63453
8.58,9.61461
8.59,9.59484
8.6,9.57522
8.61,9.55577
8.62,9.53646
8.63,9.51731
8.64,9.49832
8.65,9.47947
8.66,9.46077
8.67,9.44221
8.68,9.42381
8.69,9.40554
8.7,9.38742
8.71,9.36944
8.72,9.3516
8.73,9.3339
8.74,9.31634
8.75,9.29891
8.76,9.28162
8.77,9.26446
8.78,9.24743
8.79,9.23053
8.8,9.21376
8.81,9.19713
8.82,9.18061
8.83,9.16423
8.84,9.14797
8.85,9.13183
8.86,9.11581
8.87,9.09992
8.88,9.08415
8.89,9.06849
8.9,9.05295
8.91,9.03753
8.92,9.02223
8.93,9.00703
8.94,8.99196
8.95,8.97699
8.96,8.96214
8.97,8.94739
8.98,8.93276
8.99,8.91823
9,8.90381
9.01,8.88949
9.02,8.87528
9.03,8.86118
9.04,8.84718
9.05,8.83328
9.06,8.81948
9.07,8.80578
9.08,8.79218
9.09,8.77867
9.1,8.76527
9.11,8.75196
9.12,8.73875
9.13,8.72563
9.14,8.7126
9.15,8.69967
9.16,8.68683
9.17,8.67408
9.18,8.66143
9.19,8.64886
9.2,8.63638
9.21,8.62398
9.22,8.61168
9.23,8.59946
9.24,8.58732
9.25,8.57527
9.26,8.56331
9.27,8.55142
9.28,8.53962
9.29,8.5279
9.3,8.51626
9.31,8.5047
9.32,8.49322
9.33,8.48182
9.34,8.4705
9.35,8.45925
9.36,8.44808
9.37,8.43698
9.38,8.42596
9.39,8.41502
9.4,8.40415
9.41,8.39335
9.42,8.38262
9.43,8.37196
9.44,8.36138
9.45,8.35086
9.46,8.34042
9.47,8.33004
9.48,8.31973
9.49,8.30949
9.5,8.29932
9.51,8.28921
9.52,8.27917
9.53,8.26919
9.54,8.25928
9.55,8.24943
9.56,8.23965
9.57,8.22993
9.58,8.22027
9.59,8.21067
9.6,8.20113
9.61,8.19166
9.62,8.18224
9.63,8.17289
9.64,8.16359
9.65,8.15435
9.66,8.14517
9.67,8.13605
9.68,8.12698
9.69,8.11798
9.7,8.10902
9.71,8.10012
9.72,8.09128
9.73,8.08249
9.74,8.07376
9.75,8.06507
9.76,8.05645
9.77,8.04787
9.78,8.03935
9.79,8.03087
9.8,8.02245
9.81,8.01408
9.82,8.00576
9.83,7.99749
9.84,7.98927
9.85,7.9811
9.86,7.97297
9.87,7.9649
9.88,7.95687
9.89,7.94889
9.9,7.94095
9.91,7.93306
9.92,7.92522
9.93,7.91742
9.94,7.90967
9.95,7.90197
9.96,7.8943
9.97,7.88668
9.98,7.87911
9.99,7.87158
10,7.86409
10.01,7.85664
10.02,7.84924
10.03,7.84188
10.04,7.83455
10.05,7.82727
10.06,7.82003
10.07,7.81283
10.08,7.80568
10.09,7.79856
10.1,7.79147
10.11,7.78443
10.12,7.77743
10.13,7.77047
10.14,7.76354
10.15,7.75665
10.16,7.7498
10.17,7.74298
10.18,7.7362
10.19,7.72946
10.2,7.72276
10.21,7.71609
10.22,7.70945
10.23,7.70285
10.24,7.69629
10.25,7.68976
10.26,7.68326
10.27,7.6768
10.28,7.67037
10.29,7.66397
10.3,7.65761
10.31,7.65128
10.32,7.64499
10.33,7.63872
10.34,7.63249
10.35,7.62629
10.36,7.62012
10.37,7.61398
10.38,7.60787
10.39,7.6018
10.4,7.59575
10.41,7.58973
10.42,7.58375
10.43,7.57779
10.44,7.57187
10.45,7.56597
10.46,7.5601
10.47,7.55426
10.48,7.54845
10.49,7.54266
10.5,7.53691
10.51,7.53118
10.52,7.52548
10.53,7.51981
10.54,7.51416
10.55,7.50855
10.56,7.50295
10.57,7.49739
10.58,7.49185
10.59,7.48633
10.6,7.48085
10.61,7.47539
10.62,7.46995
10.63,7.46454
10.64,7.45915
10.65,7.45379
10.66,7.44845
10.67,7.44314
10.68,7.43785
10.69,7.43259
10.7,7.42735
10.71,7.42213
10.72,7.41694
10.73,7.41177
10.74,7.40662
10.75,7.4015
10.76,7.39639
10.77,7.39131
10.78,7.38626
10.79,7.38122
10.8,7.37621
10.81,7.37122
10.82,7.36625
10.83,7.3613
10.84,7.35638
10.85,7.35147
10.86,7.34659
10.87,7.34172
10.88,7.33688
10.89,7.33206
10.9,7.32726
10.91,7.32248
10.92,7.31771
10.93,7.31297
10.94,7.30825
10.95,7.30355
10.96,7.29886
10.97,7.2942
10.98,7.28956
10.99,7.28493
11,7.28032
11.01,7.27573
11.02,7.27116
11.03,7.26661
11.04,7.26208
11.05,7.25757
11.06,7.25307
11.07,7.24859
11.08,7.24413
11.09,7.23968
11.1,7.23526
11.11,7.23085
11.12,7.22646
11.13,7.22208
11.14,7.21772
11.15,7.21338
11.16,7.20906
11.17,7.20475
11.18,7.20046
11.19,7.19619
11.2,7.19193
11.21,7.18768
11.22,7.18346
11.23,7.17925
11.24,7.17505
11.25,7.17087
11.26,7.16671
11.27,7.16256
11.28,7.15843
11.29,7.15431
11.3,7.1502
11.31,7.14612
11.32,7.14204
11.33,7.13798
11.34,7.13394
11.35,7.12991
11.36,7.1259
11.37,7.1219
11.38,7.11791
11.39,7.11394
11.4,7.10998
11.41,7.10603
11.42,7.1021
11.43,7.09819
11.44,7.09428
11.45,7.09039
11.46,7.08652
11.47,7.08266
11.48,7.07881
11.49,7.07497
11.5,7.07115
11.51,7.06734
11.52,7.06354
11.53,7.05975
11.54,7.05598
11.55,7.05222
11.56,7.04848
11.57,7.04474
11.58,7.04102
11.59,7.03731
11.6,7.03361
11.61,7.02993
11.62,7.02625
11.63,7.02259
11.64,7.01894
11.65,7.0153
11.66,7.01168
11.67,7.00806
11.68,7.00446
11.69,7.00087
11.7,6.99729
11.71,6.99372
11.72,6.99016
11.73,6.98662
11.74,6.98308
11.75,6.97956
11.76,6.97604
11.77,6.97254
11.78,6.96905
11.79,6.96557
11.8,6.9621
11.81,6.95864
11.82,6.95519
11.83,6.95175
11.84,6.94832
11.85,6.94491
11.86,6.9415
11.87,6.9381
11.88,6.93471
11.89,6.93134
11.9,6.92797
11.91,6.92461
11.92,6.92126
11.93,6.91793
11.94,6.9146
11.95,6.91128
11.96,6.90797
11.97,6.90467
11.98,6.90138
11.99,6.8981
12,6.89483
12.01,6.89157
12.02,6.88832
12.03,6.88508
12.04,6.88184
12.05,6.87862
12.06,6.87541
12.07,6.8722
12.08,6.869
12.09,6.86581
12.1,6.86263
12.11,6.85946
12.12,6.8563
12.13,6.85315
12.14,6.85
12.15,6.84686
12.16,6.84374
12.17,6.84062
12.18,6.83751
12.19,6.8344
12.2,6.83131
12.21,6.82822
12.22,6.82515
12.23,6.82208
12.24,6.81901
12.25,6.81596
12.26,6.81292
12.27,6.80988
12.28,6.80685
12.29,6.80383
12.3,6.80081
12.31,6.79781
12.32,6.79481
12.33,6.79182
12.34,6.78883
12.35,6.78586
12.36,6.78289
12.37,6.77993
12.38,6.77698
12.39,6.77403
12.4,6.7711
12.41,6.76816
12.42,6.76524
12.43,6.76233
12.44,6.75942
12.45,6.75652
12.46,6.75362
12.47,6.75073
12.48,6.74785
12.49,6.74498
12.5,6.74211
12.51,6.73925
12.52,6.7364
12.53,6.73356
12.54,6.73072
12.55,6.72789
12.56,6.72506
12.57,6.72224
12.58,6.71943
12.59,6.71663
12.6,6.71383
12.61,6.71104
12.62,6.70825
12.63,6.70547
12.64,6.7027
12.65,6.69994
12.66,6.69718
12.67,6.69442
12.68,6.69168
12.69,6.68894
12.7,6.6862
12.71,6.68348
12.72,6.68076
12.73,6.67804
12.74,6.67533
12.75,6.67263
12.76,6.66993
12.77,6.66724
12.78,6.66456
12.79,6.66188
12.8,6.65921
12.81,6.65654
12.82,6.65388
12.83,6.65122
12.84,6.64857
12.85,6.64593
12.86,6.64329
12.87,6.64066
12.88,6.63804
12.89,6.63541
12.9,6.6328
12.91,6.63019
12.92,6.62759
12.93,6.62499
12.94,6.6224
12.95,6.61981
12.96,6.61723
12.97,6.61466
12.98,6.61209
12.99,6.60952
13,6.60696
13.01,6.60441
13.02,6.60186
13.03,6.59932
13.04,6.59678
13.05,6.59425
13.06,6.59172
13.07,6.5892
13.08,6.58668
13.09,6.58417
13.1,6.58166
13.11,6.57916
13.12,6.57666
13.13,6.57417
13.14,6.57169
13.15,6.56921
13.16,6.56673
13.17,6.56426
13.18,6.56179
13.19,6.55933
13.2,6.55687
13.21,6.55442
13.22,6.55198
13.23,6.54954
13.24,6.5471
13.25,6.54467
13.26,6.54224
13.27,6.53982
13.28,6.5374
13.29,6.53499
13.3,6.53258
13.31,6.53018
13.32,6.52778
13.33,6.52538
13.34,6.52299
13.35,6.52061
13.36,6.51823
13.37,6.51585
13.38,6.51348
13.39,6.51112
13.4,6.50875
13.41,6.5064
13.42,6.50404
13.43,6.5017
13.44,6.49935
13.45,6.49701
13.46,6.49468
13.47,6.49235
13.48,6.49002
13.49,6.4877
13.5,6.48538
13.51,6.48307
13.52,6.48076
13.53,6.47845
13.54,6.47615
13.55,6.47385
13.56,6.47156
13.57,6.46927
13.58,6.46699
13.59,6.46471
13.6,6.46244
13.61,6.46016
13.62,6.4579
13.63,6.45563
13.64,6.45338
13.65,6.45112
13.66,6.44887
13.67,6.44662
13.68,6.44438
13.69,6.44214
13.7,6.43991
13.71,6.43768
13.72,6.43545
13.73,6.43323
13.74,6.43101
13.75,6.42879
13.76,6.42658
13.77,6.42438
13.78,6.42217
13.79,6.41997
13.8,6.41778
13.81,6.41559
13.82,6.4134
13.83,6.41121
13.84,6.40903
13.85,6.40686
13.86,6.40468
13.87,6.40252
13.88,6.40035
13.89,6.39819
13.9,6.39603
13.91,6.39388
13.92,6.39173
13.93,6.38958
13.94,6.38744
13.95,6.3853
13.96,6.38316
13.97,6.38103
13.98,6.3789
13.99,6.37678
14,6.37466
14.01,6.37254
14.02,6.37042
14.03,6.36831
14.04,6.36621
14.05,6.3641
14.06,6.362
14.07,6.35991
14.08,6.35781
14.09,6.35572
14.1,6.35364
14.11,6.35155
14.12,6.34948
14.13,6.3474
14.14,6.34533
14.15,6.34326
14.16,6.34119
14.17,6.33913
14.18,6.33707
14.19,6.33502
14.2,6.33296
14.21,6.33091
14.22,6.32887
14.23,6.32683
14.24,6.32479
14.25,6.32275
14.26,6.32072
14.27,6.31869
14.28,6.31667
14.29,6.31464
14.3,6.31262
14.31,6.31061
14.32,6.30859
14.33,6.30659
14.34,6.30458
14.35,6.30258
14.36,6.30058
14.37,6.29858
14.38,6.29659
14.39,6.29459
14.4,6.29261
14.41,6.29062
14.42,6.28864
14.43,6.28666
14.44,6.28469
14.45,6.28272
14.46,6.28075
14.47,6.27878
14.48,6.27682
14.49,6.27486
14.5,6.2729
14.51,6.27095
14.52,6.269
14.53,6.26705
14.54,6.26511
14.55,6.26317
14.56,6.26123
14.57,6.25929
14.58,6.25736
14.59,6.25543
14.6,6.2535
14.61,6.25158
14.62,6.24966
14.63,6.24774
14.64,6.24583
14.65,6.24392
14.66,6.24201
14.67,6.2401
14.68,6.2382
14.69,6.2363
14.7,6.2344
14.71,6.23251
14.72,6.23061
14.73,6.22873
14.74,6.22684
14.75,6.22496
14.76,6.22308
14.77,6.2212
14.78,6.21932
14.79,6.21745
14.8,6.21558
14.81,6.21372
14.82,6.21185
14.83,6.20999
14.84,6.20814
14.85,6.20628
14.86,6.20443
14.87,6.20258
14.88,6.20073
14.89,6.19889
14.9,6.19705
14.91,6.19521
14.92,6.19337
14.93,6.19154
14.94,6.18971
14.95,6.18788
14.96,6.18605
14.97,6.18423
14.98,6.18241
14.99,6.1806
15,6.17878
15.01,6.17697
15.02,6.17516
15.03,6.17335
15.04,6.17155
15.05,6.16975
15.06,6.16795
15.07,6.16615
15.08,6.16436
15.09,6.16257
15.1,6.16078
15.11,6.15899
15.12,6.15721
15.13,6.15543
15.14,6.15365
15.15,6.15188
15.16,6.1501
15.17,6.14833
15.18,6.14657
15.19,6.1448
15.2,6.14304
15.21,6.14128
15.22,6.13952
15.23,6.13777
15.24,6.13601
15.25,6.13426
15.26,6.13252
15.27,6.13077
15.28,6.12903
15.29,6.12729
15.3,6.12555
15.31,6.12381
15.32,6.12208
15.33,6.12035
15.34,6.11862
15.35,6.1169
15.36,6.11518
15.37,6.11345
15.38,6.11174
15.39,6.11002
15.4,6.10831
15.41,6.1066
15.42,6.10489
15.43,6.10318
15.44,6.10148
15.45,6.09978
15.46,6.09808
15.47,6.09638
15.48,6.09469
15.49,6.093
15.5,6.09131
15.51,6.08962
15.52,6.08794
15.53,6.08625
15.54,6.08457
15.55,6.0829
15.56,6.08122
15.57,6.07955
15.58,6.07788
15.59,6.07621
15.6,6.07454
15.61,6.07288
15.62,6.07122
15.63,6.06956
15.64,6.0679
15.65,6.06625
15.66,6.0646
15.67,6.06295
15.68,6.0613
15.69,6.05965
15.7,6.05801
15.71,6.05637
15.72,6.05473
15.73,6.05309
15.74,6.05146
15.75,6.04983
15.76,6.0482
15.77,6.04657
15.78,6.04495
15.79,6.04332
15.8,6.0417
15.81,6.04009
15.82,6.03847
15.83,6.03686
15.84,6.03524
15.85,6.03364
15.86,6.03203
15.87,6.03042
15.88,6.02882
15.89,6.02722
15.9,6.02562
15.91,6.02402
15.92,6.02243
15.93,6.02084
15.94,6.01925
15.95,6.01766
15.96,6.01608
15.97,6.01449
15.98,6.01291
15.99,6.01133
16,6.00976
16.01,6.00818
16.02,6.00661
16.03,6.00504
16.04,6.00347
16.05,6.0019
16.06,6.00034
16.07,5.99878
16.08,5.99722
16.09,5.99566
16.1,5.99411
16.11,5.99255
16.12,5.991
16.13,5.98945
16.14,5.9879
16.15,5.98636
16.16,5.98482
16.17,5.98328
16.18,5.98174
16.19,5.9802
16.2,5.97867
16.21,5.97713
16.22,5.9756
16.23,5.97407
16.24,5.97255
16.25,5.97102
16.26,5.9695
16.27,5.96798
16.28,5.96646
16.29,5.96495
16.3,5.96343
16.31,5.96192
16.32,5.96041
16.33,5.9589
16.34,5.9574
16.35,5.95589
16.36,5.95439
16.37,5.95289
16.38,5.95139
16.39,5.9499
16.4,5.9484
16.41,5.94691
16.42,5.94542
16.43,5.94393
16.44,5.94245
16.45,5.94096
16.46,5.93948
16.47,5.938
16.48,5.93652
16.49,5.93505
16.5,5.93357
16.51,5.9321
16.52,5.93063
16.53,5.92916
16.54,5.9277
16.55,5.92623
16.56,5.92477
16.57,5.92331
16.58,5.92185
16.59,5.9204
16.6,5.91894
16.61,5.91749
16.62,5.91604
16.63,5.91459
16.64,5.91315
16.65,5.9117
16.66,5.91026
16.67,5.90882
16.68,5.90738
16.69,5.90594
16.7,5.90451
16.71,5.90307
16.72,5.90164
16.73,5.90021
16.74,5.89879
16.75,5.89736
16.76,5.89594
16.77,5.89451
16.78,5.8931
16.79,5.89168
16.8,5.89026
16.81,5.88885
16.82,5.88743
16.83,5.88602
16.84,5.88462
16.85,5.88321
16.86,5.88181
16.87,5.8804
16.88,5.879
16.89,5.8776
16.9,5.87621
16.91,5.87481
16.92,5.87342
16.93,5.87202
16.94,5.87064
16.95,5.86925
16.96,5.86786
16.97,5.86648
16.98,5.86509
16.99,5.86371
17,5.86234
17.01,5.86096
17.02,5.85958
17.03,5.85821
17.04,5.85684
17.05,5.85547
17.06,5.8541
17.07,5.85274
17.08,5.85137
17.09,5.85001
17.1,5.84865
17.11,5.84729
17.12,5.84594
17.13,5.84458
17.14,5.84323
17.15,5.84188
17.16,5.84053
17.17,5.83918
17.18,5.83783
17.19,5.83649
17.2,5.83515
17.21,5.83381
17.22,5.83247
17.23,5.83113
17.24,5.8298
17.25,5.82846
17.26,5.82713
17.27,5.8258
17.28,5.82447
17.29,5.82315
17.3,5.82182
17.31,5.8205
17.32,5.81918
17.33,5.81786
17.34,5.81654
17.35,5.81523
17.36,5.81391
17.37,5.8126
17.38,5.81129
17.39,5.80998
17.4,5.80868
17.41,5.80737
17.42,5.80607
17.43,5.80477
17.44,5.80347
17.45,5.80217
17.46,5.80087
17.47,5.79958
17.48,5.79828
17.49,5.79699
17.5,5.7957
17.51,5.79442
17.52,5.79313
17.53,5.79185
17.54,5.79056
17.55,5.78928
17.56,5.788
17.57,5.78673
17.58,5.78545
17.59,5.78418
17.6,5.78291
17.61,5.78164
17.62,5.78037
17.63,5.7791
17.64,5.77783
17.65,5.77657
17.66,5.77531
17.67,5.77405
17.68,5.77279
17.69,5.77153
17.7,5.77028
17.71,5.76903
17.72,5.76777
17.73,5.76652
17.74,5.76528
17.75,5.76403
17.76,5.76278
17.77,5.76154
17.78,5.7603
17.79,5.75906
17.8,5.75782
17.81,5.75659
17.82,5.75535
17.83,5.75412
17.84,5.75289
17.85,5.75166
17.86,5.75043
17.87,5.7492
17.88,5.74798
17.89,5.74675
17.9,5.74553
17.91,5.74431
17.92,5.74309
17.93,5.74188
17.94,5.74066
17.95,5.73945
17.96,5.73824
17.97,5.73703
17.98,5.73582
17.99,5.73461
18,5.73341
18.01,5.73221
18.02,5.731
18.03,5.7298
18.04,5.72861
18.05,5.72741
18.06,5.72621
18.07,5.72502
18.08,5.72383
18.09,5.72264
18.1,5.72145
18.11,5.72026
18.12,5.71908
18.13,5.71789
18.14,5.71671
18.15,5.71553
18.16,5.71435
18.17,5.71318
18.18,5.712
18.19,5.71083
18.2,5.70965
18.21,5.70848
18.22,5.70731
18.23,5.70615
18.24,5.70498
18.25,5.70382
18.26,5.70265
18.27,5.70149
18.28,5.70033
18.29,5.69917
18.3,5.69802
18.31,5.69686
18.32,5.69571
18.33,5.69456
18.34,5.69341
18.35,5.69226
18.36,5.69111
18.37,5.68997
18.38,5.68883
18.39,5.68768
18.4,5.68654
18.41,5.6854
18.42,5.68427
18.43,5.68313
18.44,5.682
18.45,5.68086
18.46,5.67973
18.47,5.6786
18.48,5.67748
18.49,5.67635
18.5,5.67523
18.51,5.6741
18.52,5.67298
18.53,5.67186
18.54,5.67074
18.55,5.66963
18.56,5.66851
18.57,5.6674
18.58,5.66628
18.59,5.66517
18.6,5.66406
18.61,5.66296
18.62,5.66185
18.63,5.66075
18.64,5.65964
18.65,5.65854
18.66,5.65744
18.67,5.65635
18.68,5.65525
18.69,5.65415
18.7,5.65306
18.71,5.65197
18.72,5.65088
18.73,5.64979
18.74,5.6487
18.75,5.64762
18.76,5.64653
18.77,5.64545
18.78,5.64437
18.79,5.64329
18.8,5.64221
18.81,5.64113
18.82,5.64006
18.83,5.63898
18.84,5.63791
18.85,5.63684
18.86,5.63577
18.87,5.6347
18.88,5.63364
18.89,5.63257
18.9,5.63151
18.91,5.63045
18.92,5.62939
18.93,5.62833
18.94,5.62727
18.95,5.62622
18.96,5.62516
18.97,5.62411
18.98,5.62306
18.99,5.62201
19,5.62096
19.01,5.61992
19.02,5.61887
19.03,5.61783
19.04,5.61679
19.05,5.61575
19.06,5.61471
19.07,5.61367
19.08,5.61263
19.09,5.6116
19.1,5.61057
19.11,5.60953
19.12,5.6085
19.13,5.60748
19.14,5.60645
19.15,5.60542
19.16,5.6044
19.17,5.60338
19.18,5.60236
19.19,5.60134
19.2,5.60032
19.21,5.5993
19.22,5.59829
19.23,5.59727
19.24,5.59626
19.25,5.59525
19.26,5.59424
19.27,5.59323
19.28,5.59222
19.29,5.59122
19.3,5.59022
19.31,5.58921
19.32,5.58821
19.33,5.58721
19.34,5.58622
19.35,5.58522
19.36,5.58423
19.37,5.58323
19.38,5.58224
19.39,5.58125
19.4,5.58026
19.41,5.57927
19.42,5.57829
19.43,5.5773
19.44,5.57632
19.45,5.57534
19.46,5.57436
19.47,5.57338
19.48,5.5724
19.49,5.57143
19.5,5.57045
19.51,5.56948
19.52,5.56851
19.53,5.56754
19.54,5.56657
19.55,5.5656
19.56,5.56464
19.57,5.56367
19.58,5.56271
19.59,5.56175
19.6,5.56079
19.61,5.55983
19.62,5.55887
19.63,5.55791
19.64,5.55696
19.65,5.55601
19.66,5.55506
19.67,5.55411
19.68,5.55316
19.69,5.55221
19.7,5.55126
19.71,5.55032
19.72,5.54938
19.73,5.54843
19.74,5.54749
19.75,5.54655
19.76,5.54562
19.77,5.54468
19.78,5.54375
19.79,5.54281
19.8,5.54188
19.81,5.54095
19.82,5.54002
19.83,5.53909
19.84,5.53817
19.85,5.53724
19.86,5.53632
19.87,5.5354
19.88,5.53448
19.89,5.53356
19.9,5.53264
19.91,5.53172
19.92,5.53081
19.93,5.52989
19.94,5.52898
19.95,5.52807
19.96,5.52716
19.97,5.52625
19.98,5.52535
19.99,5.52444
20,5.52354
20.01,5.52264
20.02,5.52173
20.03,5.52083
20.04,5.51994
20.05,5.51904
20.06,5.51814
20.07,5.51725
20.08,5.51636
20.09,5.51546
20.1,5.51457
20.11,5.51368
20.12,5.5128
20.13,5.51191
20.14,5.51103
20.15,5.51014
20.16,5.50926
20.17,5.50838
20.18,5.5075
20.19,5.50662
20.2,5.50575
20.21,5.50487
20.22,5.504
20.23,5.50312
20.24,5.50225
20.25,5.50138
20.26,5.50051
20.27,5.49965
20.28,5.49878
20.29,5.49792
20.3,5.49705
20.31,5.49619
20.32,5.49533
20.33,5.49447
20.34,5.49361
20.35,5.49276
20.36,5.4919
20.37,5.49105
20.38,5.4902
20.39,5.48935
20.4,5.4885
20.41,5.48765
20.42,5.4868
20.43,5.48595
20.44,5.48511
20.45,5.48427
20.46,5.48342
20.47,5.48258
20.48,5.48175
20.49,5.48091
20.5,5.48007
20.51,5.47924
20.52,5.4784
20.53,5.47757
20.54,5.47674
20.55,5.47591
20.56,5.47508
20.57,5.47425
20.58,5.47343
20.59,5.4726
20.6,5.47178
20.61,5.47096
20.62,5.47014
20.63,5.46932
20.64,5.4685
20.65,5.46768
20.66,5.46687
20.67,5.46605
20.68,5.46524
20.69,5.46443
20.7,5.46362
20.71,5.46281
20.72,5.462
20.73,5.46119
20.74,5.46039
20.75,5.45958
20.76,5.45878
20.77,5.45798
20.78,5.45718
20.79,5.45638
20.8,5.45559
20.81,5.45479
20.82,5.45399
20.83,5.4532
20.84,5.45241
20.85,5.45162
20.86,5.45083
20.87,5.45004
20.88,5.44925
20.89,5.44847
20.9,5.44768
20.91,5.4469
20.92,5.44612
20.93,5.44534
20.94,5.44456
20.95,5.44378
20.96,5.443
20.97,5.44223
20.98,5.44145
20.99,5.44068
21,5.43991
21.01,5.43914
21.02,5.43837
21.03,5.4376
21.04,5.43683
21.05,5.43607
21.06,5.4353
21.07,5.43454
21.08,5.43378
21.09,5.43302
21.1,5.43226
21.11,5.4315
21.12,5.43074
21.13,5.42999
21.14,5.42923
21.15,5.42848
21.16,5.42773
21.17,5.42698
21.18,5.42623
21.19,5.42548
21.2,5.42473
21.21,5.42399
21.22,5.42324
21.23,5.4225
21.24,5.42176
21.25,5.42102
21.26,5.42028
21.27,5.41954
21.28,5.4188
21.29,5.41807
21.3,5.41733
21.31,5.4166
21.32,5.41587
21.33,5.41514
21.34,5.41441
21.35,5.41368
21.36,5.41295
21.37,5.41222
21.38,5.4115
21.39,5.41078
21.4,5.41005
21.41,5.40933
21.42,5.40861
21.43,5.40789
21.44,5.40718
21.45,5.40646
21.46,5.40575
21.47,5.40503
21.48,5.40432
21.49,5.40361
21.5,5.4029
21.51,5.40219
21.52,5.40148
21.53,5.40077
21.54,5.40007
21.55,5.39936
21.56,5.39866
21.57,5.39796
21.58,5.39726
21.59,5.39656
21.6,5.39586
21.61,5.39516
21.62,5.39447
21.63,5.39377
21.64,5.39308
21.65,5.39239
21.66,5.3917
21.67,5.39101
21.68,5.39032
21.69,5.38963
21.7,5.38894
21.71,5.38826
21.72,5.38758
21.73,5.38689
21.74,5.38621
21.75,5.38553
21.76,5.38485
21.77,5.38417
21.78,5.3835
21.79,5.38282
21.8,5.38215
21.81,5.38147
21.82,5.3808
21.83,5.38013
21.84,5.37946
21.85,5.37879
21.86,5.37812
21.87,5.37746
21.88,5.37679
21.89,5.37613
21.9,5.37546
21.91,5.3748
21.92,5.37414
21.93,5.37348
21.94,5.37282
21.95,5.37217
21.96,5.37151
21.97,5.37085
21.98,5.3702
21.99,5.36955
22,5.3689
22.01,5.36825
22.02,5.3676
22.03,5.36695
22.04,5.3663
22.05,5.36566
22.06,5.36501
22.07,5.36437
22.08,5.36373
22.09,5.36308
22.1,5.36244
22.11,5.36181
22.12,5.36117
22.13,5.36053
22.14,5.35989
22.15,5.35926
22.16,5.35863
22.17,5.35799
22.18,5.35736
22.19,5.35673
22.2,5.3561
22.21,5.35548
22.22,5.35485
22.23,5.35422
22.24,5.3536
22.25,5.35298
22.26,5.35235
22.27,5.35173
22.28,5.35111
22.29,5.35049
22.3,5.34988
22.31,5.34926
22.32,5.34864
22.33,5.34803
22.34,5.34742
22.35,5.3468
22.36,5.34619
22.37,5.34558
22.38,5.34497
22.39,5.34437
22.4,5.34376
22.41,5.34315
22.42,5.34255
22.43,5.34195
22.44,5.34134
22.45,5.34074
22.46,5.34014
22.47,5.33954
22.48,5.33894
22.49,5.33835
22.5,5.33775
22.51,5.33716
22.52,5.33656
22.53,5.33597
22.54,5.33538
22.55,5.33479
22.56,5.3342
22.57,5.33361
22.58,5.33302
22.59,5.33244
22.6,5.33185
22.61,5.33127
22.62,5.33068
22.63,5.3301
22.64,5.32952
22.65,5.32894
22.66,5.32836
22.67,5.32779
22.68,5.32721
22.69,5.32663
22.7,5.32606
22.71,5.32549
22.72,5.32491
22.73,5.32434
22.74,5.32377
22.75,5.3232
22.76,5.32263
22.77,5.32207
22.78,5.3215
22.79,5.32094
22.8,5.32037
22.81,5.31981
22.82,5.31925
22.83,5.31869
22.84,5.31813
22.85,5.31757
22.86,5.31701
22.87,5.31645
22.88,5.3159
22.89,5.31534
22.9,5.31479
22.91,5.31424
22.92,5.31368
22.93,5.31313
22.94,5.31258
22.95,5.31204
22.96,5.31149
22.97,5.31094
22.98,5.3104
22.99,5.30985
23,5.30931
23.01,5.30877
23.02,5.30822
23.03,5.30768
23.04,5.30714
23.05,5.30661
23.06,5.30607
23.07,5.30553
23.08,5.305
23.09,5.30446
23.1,5.30393
23.11,5.3034
23.12,5.30287
23.13,5.30234
23.14,5.30181
23.15,5.30128
23.16,5.30075
23.17,5.30022
23.18,5.2997
23.19,5.29917
23.2,5.29865
23.21,5.29813
23.22,5.29761
23.23,5.29709
23.24,5.29657
23.25,5.29605
23.26,5.29553
23.27,5.29502
23.28,5.2945
23.29,5.29399
23.3,5.29347
23.31,5.29296
23.32,5.29245
23.33,5.29194
23.34,5.29143
23.35,5.29092
23.36,5.29041
23.37,5.28991
23.38,5.2894
23.39,5.2889
23.4,5.28839
23.41,5.28789
23.42,5.28739
23.43,5.28689
23.44,5.28639
23.45,5.28589
23.46,5.28539
23.47,5.28489
23.48,5.2844
23.49,5.2839
23.5,5.28341
23.51,5.28291
23.52,5.28242
23.53,5.28193
23.54,5.28144
23.55,5.28095
23.56,5.28046
23.57,5.27998
23.58,5.27949
23.59,5.279
23.6,5.27852
23.61,5.27803
23.62,5.27755
23.63,5.27707
23.64,5.27659
23.65,5.27611
23.66,5.27563
23.67,5.27515
23.68,5.27468
23.69,5.2742
23.7,5.27372
23.71,5.27325
23.72,5.27278
23.73,5.2723
23.74,5.27183
23.75,5.27136
23.76,5.27089
23.77,5.27042
23.78,5.26995
23.79,5.26949
23.8,5.26902
23.81,5.26856
23.82,5.26809
23.83,5.26763
23.84,5.26717
23.85,5.26671
23.86,5.26624
23.87,5.26578
23.88,5.26533
23.89,5.26487
23.9,5.26441
23.91,5.26396
23.92,5.2635
23.93,5.26305
23.94,5.26259
23.95,5.26214
23.96,5.26169
23.97,5.26124
23.98,5.26079
23.99,5.26034
24,5.25989
24.01,5.25944
24.02,5.259
24.03,5.25855
24.04,5.25811
24.05,5.25766
24.06,5.25722
24.07,5.25678
24.08,5.25634
24.09,5.2559
24.1,5.25546
24.11,5.25502
24.12,5.25458
24.13,5.25415
24.14,5.25371
24.15,5.25328
24.16,5.25284
24.17,5.25241
24.18,5.25198
24.19,5.25155
24.2,5.25112
24.21,5.25069
24.22,5.25026
24.23,5.24983
24.24,5.2494
24.25,5.24898
24.26,5.24855
24.27,5.24813
24.28,5.2477
24.29,5.24728
24.3,5.24686
24.31,5.24644
24.32,5.24602
24.33,5.2456
24.34,5.24518
24.35,5.24476
24.36,5.24435
24.37,5.24393
24.38,5.24351
24.39,5.2431
24.4,5.24269
24.41,5.24227
24.42,5.24186
24.43,5.24145
24.44,5.24104
24.45,5.24063
24.46,5.24022
24.47,5.23982
24.48,5.23941
24.49,5.239
24.5,5.2386
24.51,5.23819
24.52,5.23779
24.53,5.23739
24.54,5.23699
24.55,5.23659
24.56,5.23619
24.57,5.23579
24.58,5.23539
24.59,5.23499
24.6,5.23459
24.61,5.2342
24.62,5.2338
24.63,5.23341
24.64,5.23301
24.65,5.23262
24.66,5.23223
24.67,5.23184
24.68,5.23145
24.69,5.23106
24.7,5.23067
24.71,5.23028
24.72,5.22989
24.73,5.22951
24.74,5.22912
24.75,5.22874
24.76,5.22835
24.77,5.22797
24.78,5.22759
24.79,5.22721
24.8,5.22682
24.81,5.22644
24.82,5.22607
24.83,5.22569
24.84,5.22531
24.85,5.22493
24.86,5.22456
24.87,5.22418
24.88,5.22381
24.89,5.22343
24.9,5.22306
24.91,5.22269
24.92,5.22232
24.93,5.22195
24.94,5.22158
24.95,5.22121
24.96,5.22084
24.97,5.22047
24.98,5.2201
24.99,5.21974
25,5.21937
25.01,5.21901
25.02,5.21864
25.03,5.21828
25.04,5.21792
25.05,5.21756
25.06,5.2172
25.07,5.21684
25.08,5.21648
25.09,5.21612
25.1,5.21576
25.11,5.2154
25.12,5.21505
25.13,5.21469
25.14,5.21434
25.15,5.21398
25.16,5.21363
25.17,5.21328
25.18,5.21293
25.19,5.21258
25.2,5.21222
25.21,5.21188
25.22,5.21153
25.23,5.21118
25.24,5.21083
25.25,5.21048
25.26,5.21014
25.27,5.20979
25.28,5.20945
25.29,5.20911
25.3,5.20876
25.31,5.20842
25.32,5.20808
25.33,5.20774
25.34,5.2074
25.35,5.20706
25.36,5.20672
25.37,5.20638
25.38,5.20605
25.39,5.20571
25.4,5.20537
25.41,5.20504
25.42,5.2047
25.43,5.20437
25.44,5.20404
25.45,5.20371
25.46,5.20337
25.47,5.20304
25.48,5.20271
25.49,5.20238
25.5,5.20206
25.51,5.20173
25.52,5.2014
25.53,5.20107
25.54,5.20075
25.55,5.20042
25.56,5.2001
25.57,5.19977
25.58,5.19945
25.59,5.19913
25.6,5.19881
25.61,5.19849
25.62,5.19817
25.63,5.19785
25.64,5.19753
25.65,5.19721
25.66,5.19689
25.67,5.19658
25.68,5.19626
25.69,5.19594
25.7,5.19563
25.71,5.19532
25.72,5.195
25.73,5.19469
25.74,5.19438
25.75,5.19407
25.76,5.19375
25.77,5.19344
25.78,5.19314
25.79,5.19283
25.8,5.19252
25.81,5.19221
25.82,5.1919
25.83,5.1916
25.84,5.19129
25.85,5.19099
25.86,5.19068
25.87,5.19038
25.88,5.19008
25.89,5.18978
25.9,5.18947
25.91,5.18917
25.92,5.18887
25.93,5.18857
25.94,5.18828
25.95,5.18798
25.96,5.18768
25.97,5.18738
25.98,5.18709
25.99,5.18679
26,5.1865
26.01,5.1862
26.02,5.18591
26.03,5.18562
26.04,5.18532
26.05,5.18503
26.06,5.18474
26.07,5.18445
26.08,5.18416
26.09,5.18387
26.1,5.18358
26.11,5.18329
26.12,5.18301
26.13,5.18272
26.14,5.18243
26.15,5.18215
26.16,5.18186
26.17,5.18158
26.18,5.1813
26.19,5.18101
26.2,5.18073
26.21,5.18045
26.22,5.18017
26.23,5.17989
26.24,5.17961
26.25,5.17933
26.26,5.17905
26.27,5.17877
26.28,5.1785
26.29,5.17822
26.3,5.17794
26.31,5.17767
26.32,5.17739
26.33,5.17712
26.34,5.17685
26.35,5.17657
26.36,5.1763
26.37,5.17603
26.38,5.17576
26.39,5.17549
26.4,5.17522
26.41,5.17495
26.42,5.17468
26.43,5.17441
26.44,5.17414
26.45,5.17388
26.46,5.17361
26.47,5.17334
26.48,5.17308
26.49,5.17281
26.5,5.17255
26.51,5.17229
26.52,5.17202
26.53,5.17176
26.54,5.1715
26.55,5.17124
26.56,5.17098
26.57,5.17072
26.58,5.17046
26.59,5.1702
26.6,5.16994
26.61,5.16968
26.62,5.16943
26.63,5.16917
26.64,5.16891
26.65,5.16866
26.66,5.1684
26.67,5.16815
26.68,5.1679
26.69,5.16764
26.7,5.16739
26.71,5.16714
26.72,5.16689
26.73,5.16664
26.74,5.16639
26.75,5.16614
26.76,5.16589
26.77,5.16564
26.78,5.16539
26.79,5.16514
26.8,5.1649
26.81,5.16465
26.82,5.1644
26.83,5.16416
26.84,5.16391
26.85,5.16367
26.86,5.16343
26.87,5.16318
26.88,5.16294
26.89,5.1627
26.9,5.16246
26.91,5.16222
26.92,5.16198
26.93,5.16174
26.94,5.1615
26.95,5.16126
26.96,5.16102
26.97,5.16078
26.98,5.16055
26.99,5.16031
27,5.16007
27.01,5.15984
27.02,5.1596
27.03,5.15937
27.04,5.15913
27.05,5.1589
27.06,5.15867
27.07,5.15844
27.08,5.1582
27.09,5.15797
27.1,5.15774
27.11,5.15751
27.12,5.15728
27.13,5.15705
27.14,5.15682
27.15,5.1566
27.16,5.15637
27.17,5.15614
27.18,5.15592
27.19,5.15569
27.2,5.15546
27.21,5.15524
27.22,5.15501
27.23,5.15479
27.24,5.15457
27.25,5.15434
27.26,5.15412
27.27,5.1539
27.28,5.15368
27.29,5.15346
27.3,5.15324
27.31,5.15302
27.32,5.1528
27.33,5.15258
27.34,5.15236
27.35,5.15214
27.36,5.15193
27.37,5.15171
27.38,5.15149
27.39,5.15128
27.4,5.15106
27.41,5.15085
27.42,5.15063
27.43,5.15042
27.44,5.1502
27.45,5.14999
27.46,5.14978
27.47,5.14957
27.48,5.14936
27.49,5.14915
27.5,5.14893
27.51,5.14872
27.52,5.14852
27.53,5.14831
27.54,5.1481
27.55,5.14789
27.56,5.14768
27.57,5.14748
27.58,5.14727
27.59,5.14706
27.6,5.14686
27.61,5.14665
27.62,5.14645
27.63,5.14624
27.64,5.14604
27.65,5.14584
27.66,5.14563
27.67,5.14543
27.68,5.14523
27.69,5.14503
27.7,5.14483
27.71,5.14463
27.72,5.14443
27.73,5.14423
27.74,5.14403
27.75,5.14383
27.76,5.14363
27.77,5.14343
27.78,5.14323
27.79,5.14304
27.8,5.14284
27.81,5.14265
27.82,5.14245
27.83,5.14226
27.84,5.14206
27.85,5.14187
27.86,5.14167
27.87,5.14148
27.88,5.14129
27.89,5.1411
27.9,5.1409
27.91,5.14071
27.92,5.14052
27.93,5.14033
27.94,5.14014
27.95,5.13995
27.96,5.13976
27.97,5.13957
27.98,5.13938
27.99,5.1392
28,5.13901
28.01,5.13882
28.02,5.13864
28.03,5.13845
28.04,5.13826
28.05,5.13808
28.06,5.13789
28.07,5.13771
28.08,5.13753
28.09,5.13734
28.1,5.13716
28.11,5.13698
28.12,5.13679
28.13,5.13661
28.14,5.13643
28.15,5.13625
28.16,5.13607
28.17,5.13589
28.18,5.13571
28.19,5.13553
28.2,5.13535
28.21,5.13517
28.22,5.135
28.23,5.13482
28.24,5.13464
28.25,5.13446
28.26,5.13429
28.27,5.13411
28.28,5.13394
28.29,5.13376
28.3,5.13359
28.31,5.13341
28.32,5.13324
28.33,5.13307
28.34,5.13289
28.35,5.13272
28.36,5.13255
28.37,5.13238
28.38,5.13221
28.39,5.13203
28.4,5.13186
28.41,5.13169
28.42,5.13152
28.43,5.13135
28.44,5.13119
28.45,5.13102
28.46,5.13085
28.47,5.13068
28.48,5.13051
28.49,5.13035
28.5,5.13018
28.51,5.13001
28.52,5.12985
28.53,5.12968
28.54,5.12952
28.55,5.12935
28.56,5.12919
28.57,5.12903
28.58,5.12886
28.59,5.1287
28.6,5.12854
28.61,5.12837
28.62,5.12821
28.63,5.12805
28.64,5.12789
28.65,5.12773
28.66,5.12757
28.67,5.12741
28.68,5.12725
28.69,5.12709
28.7,5.12693
28.71,5.12677
28.72,5.12661
28.73,5.12646
28.74,5.1263
28.75,5.12614
28.76,5.12599
28.77,5.12583
28.78,5.12567
28.79,5.12552
28.8,5.12536
28.81,5.12521
28.82,5.12505
28.83,5.1249
28.84,5.12475
28.85,5.12459
28.86,5.12444
28.87,5.12429
28.88,5.12414
28.89,5.12398
28.9,5.12383
28.91,5.12368
28.92,5.12353
28.93,5.12338
28.94,5.12323
28.95,5.12308
28.96,5.12293
28.97,5.12278
28.98,5.12263
28.99,5.12249
29,5.12234
29.01,5.12219
29.02,5.12204
29.03,5.1219
29.04,5.12175
29.05,5.1216
29.06,5.12146
29.07,5.12131
29.08,5.12117
29.09,5.12102
29.1,5.12088
29.11,5.12073
29.12,5.12059
29.13,5.12045
29.14,5.1203
29.15,5.12016
29.16,5.12002
29.17,5.11988
29.18,5.11974
29.19,5.1196
29.2,5.11945
29.21,5.11931
29.22,5.11917
29.23,5.11903
29.24,5.11889
29.25,5.11876
29.26,5.11862
29.27,5.11848
29.28,5.11834
29.29,5.1182
29.3,5.11806
29.31,5.11793
29.32,5.11779
29.33,5.11765
29.34,5.11752
29.35,5.11738
29.36,5.11725
29.37,5.11711
29.38,5.11698
29.39,5.11684
29.4,5.11671
29.41,5.11657
29.42,5.11644
29.43,5.11631
29.44,5.11617
29.45,5.11604
29.46,5.11591
29.47,5.11578
29.48,5.11564
29.49,5.11551
29.5,5.11538
29.51,5.11525
29.52,5.11512
29.53,5.11499
29.54,5.11486
29.55,5.11473
29.56,5.1146
29.57,5.11447
29.58,5.11435
29.59,5.11422
29.6,5.11409
29.61,5.11396
29.62,5.11383
29.63,5.11371
29.64,5.11358
29.65,5.11345
29.66,5.11333
29.67,5.1132
29.68,5.11308
29.69,5.11295
29.7,5.11283
29.71,5.1127
29.72,5.11258
29.73,5.11245
29.74,5.11233
29.75,5.11221
29.76,5.11208
29.77,5.11196
29.78,5.11184
29.79,5.11172
29.8,5.1116
29.81,5.11147
29.82,5.11135
29.83,5.11123
29.84,5.11111
29.85,5.11099
29.86,5.11087
29.87,5.11075
29.88,5.11063
29.89,5.11051
29.9,5.11039
29.91,5.11027
29.92,5.11016
29.93,5.11004
29.94,5.10992
29.95,5.1098
29.96,5.10969
29.97,5.10957
29.98,5.10945
29.99,5.10934
30,5.10922
30.01,5.1091
30.02,5.10899
30.03,5.10887
30.04,5.10876
30.05,5.10864
30.06,5.10853
30.07,5.10842
30.08,5.1083
30.09,5.10819
30.1,5.10808
30.11,5.10796
30.12,5.10785
30.13,5.10774
30.14,5.10763
30.15,5.10751
30.16,5.1074
30.17,5.10729
30.18,5.10718
30.19,5.10707
30.2,5.10696
30.21,5.10685
30.22,5.10674
30.23,5.10663
30.24,5.10652
30.25,5.10641
30.26,5.1063
30.27,5.10619
30.28,5.10609
30.29,5.10598
30.3,5.10587
30.31,5.10576
30.32,5.10565
30.33,5.10555
30.34,5.10544
30.35,5.10533
30.36,5.10523
30.37,5.10512
30.38,5.10502
30.39,5.10491
30.4,5.10481
30.41,5.1047
30.42,5.1046
30.43,5.10449
30.44,5.10439
30.45,5.10428
30.46,5.10418
30.47,5.10408
30.48,5.10397
30.49,5.10387
30.5,5.10377
30.51,5.10367
30.52,5.10356
30.53,5.10346
30.54,5.10336
30.55,5.10326
30.56,5.10316
30.57,5.10306
30.58,5.10296
30.59,5.10286
30.6,5.10276
30.61,5.10266
30.62,5.10256
30.63,5.10246
30.64,5.10236
30.65,5.10226
30.66,5.10216
30.67,5.10206
30.68,5.10197
30.69,5.10187
30.7,5.10177
30.71,5.10167
30.72,5.10158
30.73,5.10148
30.74,5.10138
30.75,5.10129
30.76,5.10119
30.77,5.10109
30.78,5.101
30.79,5.1009
30.8,5.10081
30.81,5.10071
30.82,5.10062
30.83,5.10052
30.84,5.10043
30.85,5.10033
30.86,5.10024
30.87,5.10015
30.88,5.10005
30.89,5.09996
30.9,5.09987
30.91,5.09977
30.92,5.09968
30.93,5.09959
30.94,5.0995
30.95,5.09941
30.96,5.09931
30.97,5.09922
30.98,5.09913
30.99,5.09904
31,5.09895
31.01,5.09886
31.02,5.09877
31.03,5.09868
31.04,5.09859
31.05,5.0985
31.06,5.09841
31.07,5.09832
31.08,5.09823
31.09,5.09815
31.1,5.09806
31.11,5.09797
31.12,5.09788
31.13,5.09779
31.14,5.09771
31.15,5.09762
31.16,5.09753
31.17,5.09744
31.18,5.09736
31.19,5.09727
31.2,5.09719
31.21,5.0971
31.22,5.09701
31.23,5.09693
31.24,5.09684
31.25,5.09676
31.26,5.09667
31.27,5.09659
31.28,5.0965
31.29,5.09642
31.3,5.09634
31.31,5.09625
31.32,5.09617
31.33,5.09608
31.34,5.096
31.35,5.09592
31.36,5.09584
31.37,5.09575
31.38,5.09567
31.39,5.09559
31.4,5.09551
31.41,5.09542
31.42,5.09534
31.43,5.09526
31.44,5.09518
31.45,5.0951
31.46,5.09502
31.47,5.09494
31.48,5.09486
31.49,5.09478
31.5,5.0947
31.51,5.09462
31.52,5.09454
31.53,5.09446
31.54,5.09438
31.55,5.0943
31.56,5.09422
31.57,5.09414
31.58,5.09406
31.59,5.09399
31.6,5.09391
31.61,5.09383
31.62,5.09375
31.63,5.09368
31.64,5.0936
31.65,5.09352
31.66,5.09344
31.67,5.09337
31.68,5.09329
31.69,5.09322
31.7,5.09314
31.71,5.09306
31.72,5.09299
31.73,5.09291
31.74,5.09284
31.75,5.09276
31.76,5.09269
31.77,5.09261
31.78,5.09254
31.79,5.09246
31.8,5.09239
31.81,5.09231
31.82,5.09224
31.83,5.09217
31.84,5.09209
31.85,5.09202
31.86,5.09195
31.87,5.09187
31.88,5.0918
31.89,5.09173
31.9,5.09166
31.91,5.09159
31.92,5.09151
31.93,5.09144
31.94,5.09137
31.95,5.0913
31.96,5.09123
31.97,5.09116
31.98,5.09109
31.99,5.09101
32,5.09094
32.01,5.09087
32.02,5.0908
32.03,5.09073
32.04,5.09066
32.05,5.09059
32.06,5.09052
32.07,5.09046
32.08,5.09039
32.09,5.09032
32.1,5.09025
32.11,5.09018
32.12,5.09011
32.13,5.09004
32.14,5.08998
32.15,5.08991
32.16,5.08984
32.17,5.08977
32.18,5.0897
32.19,5.08964
32.2,5.08957
32.21,5.0895
32.22,5.08944
32.23,5.08937
32.24,5.0893
32.25,5.08924
32.26,5.08917
32.27,5.08911
32.28,5.08904
32.29,5.08897
32.3,5.08891
32.31,5.08884
32.32,5.08878
32.33,5.08871
32.34,5.08865
32.35,5.08858
32.36,5.08852
32.37,5.08846
32.38,5.08839
32.39,5.08833
32.4,5.08826
32.41,5.0882
32.42,5.08814
32.43,5.08807
32.44,5.08801
32.45,5.08795
32.46,5.08789
32.47,5.08782
32.48,5.08776
32.49,5.0877
32.5,5.08764
32.51,5.08757
32.52,5.08751
32.53,5.08745
32.54,5.08739
32.55,5.08733
32.56,5.08727
32.57,5.08721
32.58,5.08714
32.59,5.08708
32.6,5.08702
32.61,5.08696
32.62,5.0869
32.63,5.08684
32.64,5.08678
32.65,5.08672
32.66,5.08666
32.67,5.0866
32.68,5.08654
32.69,5.08649
32.7,5.08643
32.71,5.08637
32.72,5.08631
32.73,5.08625
32.74,5.08619
32.75,5.08613
32.76,5.08607
32.77,5.08602
32.78,5.08596
32.79,5.0859
32.8,5.08584
32.81,5.08579
32.82,5.08573
32.83,5.08567
32.84,5.08561
32.85,5.08556
32.86,5.0855
32.87,5.08544
32.88,5.08539
32.89,5.08533
32.9,5.08528
32.91,5.08522
32.92,5.08516
32.93,5.08511
32.94,5.08505
32.95,5.085
32.96,5.08494
32.97,5.08489
32.98,5.08483
32.99,5.08478
33,5.08472
33.01,5.08467
33.02,5.08461
33.03,5.08456
33.04,5.0845
33.05,5.08445
33.06,5.0844
33.07,5.08434
33.08,5.08429
33.09,5.08424
33.1,5.08418
33.11,5.08413
33.12,5.08408
33.13,5.08402
33.14,5.08397
33.15,5.08392
33.16,5.08387
33.17,5.08381
33.18,5.08376
33.19,5.08371
33.2,5.08366
33.21,5.0836
33.22,5.08355
33.23,5.0835
33.24,5.08345
33.25,5.0834
33.26,5.08335
33.27,5.0833
33.28,5.08325
33.29,5.08319
33.3,5.08314
33.31,5.08309
33.32,5.08304
33.33,5.08299
33.34,5.08294
33.35,5.08289
33.36,5.08284
33.37,5.08279
33.38,5.08274
33.39,5.08269
33.4,5.08264
33.41,5.0826
33.42,5.08255
33.43,5.0825
33.44,5.08245
33.45,5.0824
33.46,5.08235
33.47,5.0823
33.48,5.08225
33.49,5.08221
33.5,5.08216
33.51,5.08211
33.52,5.08206
33.53,5.08201
33.54,5.08197
33.55,5.08192
33.56,5.08187
33.57,5.08182
33.58,5.08178
33.59,5.08173
33.6,5.08168
33.61,5.08164
33.62,5.08159
33.63,5.08154
33.64,5.0815
33.65,5.08145
33.66,5.0814
33.67,5.08136
33.68,5.08131
33.69,5.08127
33.7,5.08122
33.71,5.08117
33.72,5.08113
33.73,5.08108
33.74,5.08104
33.75,5.08099
33.76,5.08095
33.77,5.0809
33.78,5.08086
33.79,5.08081
33.8,5.08077
33.81,5.08072
33.82,5.08068
33.83,5.08064
33.84,5.08059
33.85,5.08055
33.86,5.0805
33.87,5.08046
33.88,5.08042
33.89,5.08037
33.9,5.08033
33.91,5.08029
33.92,5.08024
33.93,5.0802
33.94,5.08016
33.95,5.08011
33.96,5.08007
33.97,5.08003
33.98,5.07999
33.99,5.07994
34,5.0799
34.01,5.07986
34.02,5.07982
34.03,5.07977
34.04,5.07973
34.05,5.07969
34.06,5.07965
34.07,5.07961
34.08,5.07957
34.09,5.07952
34.1,5.07948
34.11,5.07944
34.12,5.0794
34.13,5.07936
34.14,5.07932
34.15,5.07928
34.16,5.07924
34.17,5.0792
34.18,5.07916
34.19,5.07912
34.2,5.07908
34.21,5.07904
34.22,5.079
34.23,5.07896
34.24,5.07892
34.25,5.07888
34.26,5.07884
34.27,5.0788
34.28,5.07876
34.29,5.07872
34.3,5.07868
34.31,5.07864
34.32,5.0786
34.33,5.07856
34.34,5.07852
34.35,5.07849
34.36,5.07845
34.37,5.07841
34.38,5.07837
34.39,5.07833
34.4,5.07829
34.41,5.07826
34.42,5.07822
34.43,5.07818
34.44,5.07814
34.45,5.0781
34.46,5.07807
34.47,5.07803
34.48,5.07799
34.49,5.07795
34.5,5.07792
34.51,5.07788
34.52,5.07784
34.53,5.07781
34.54,5.07777
34.55,5.07773
34.56,5.0777
34.57,5.07766
34.58,5.07762
34.59,5.07759
34.6,5.07755
34.61,5.07751
34.62,5.07748
34.63,5.07744
34.64,5.07741
34.65,5.07737
34.66,5.07733
34.67,5.0773
34.68,5.07726
34.69,5.07723
34.7,5.07719
34.71,5.07716
34.72,5.07712
34.73,5.07709
34.74,5.07705
34.75,5.07702
34.76,5.07698
34.77,5.07695
34.78,5.07691
34.79,5.07688
34.8,5.07684
34.81,5.07681
34.82,5.07677
34.83,5.07674
34.84,5.07671
34.85,5.07667
34.86,5.07664
34.87,5.0766
34.88,5.07657
34.89,5.07654
34.9,5.0765
34.91,5.07647
34.92,5.07644
34.93,5.0764
34.94,5.07637
34.95,5.07634
34.96,5.0763
34.97,5.07627
34.98,5.07624
34.99,5.07621
35,5.07617
35.01,5.07614
35.02,5.07611
35.03,5.07608
35.04,5.07604
35.05,5.07601
35.06,5.07598
35.07,5.07595
35.08,5.07591
35.09,5.07588
35.1,5.07585
35.11,5.07582
35.12,5.07579
35.13,5.07576
35.14,5.07572
35.15,5.07569
35.16,5.07566
35.17,5.07563
35.18,5.0756
35.19,5.07557
35.2,5.07554
35.21,5.07551
35.22,5.07547
35.23,5.07544
35.24,5.07541
35.25,5.07538
35.26,5.07535
35.27,5.07532
35.28,5.07529
35.29,5.07526
35.3,5.07523
35.31,5.0752
35.32,5.07517
35.33,5.07514
35.34,5.07511
35.35,5.07508
35.36,5.07505
35.37,5.07502
35.38,5.07499
35.39,5.07496
35.4,5.07493
35.41,5.0749
35.42,5.07487
35.43,5.07484
35.44,5.07481
35.45,5.07479
35.46,5.07476
35.47,5.07473
35.48,5.0747
35.49,5.07467
35.5,5.07464
35.51,5.07461
35.52,5.07458
35.53,5.07456
35.54,5.07453
35.55,5.0745
35.56,5.07447
35.57,5.07444
35.58,5.07441
35.59,5.07439
35.6,5.07436
35.61,5.07433
35.62,5.0743
35.63,5.07427
35.64,5.07425
35.65,5.07422
35.66,5.07419
35.67,5.07416
35.68,5.07414
35.69,5.07411
35.7,5.07408
35.71,5.07405
35.72,5.07403
35.73,5.074
35.74,5.07397
35.75,5.07395
35.76,5.07392
35.77,5.07389
35.78,5.07387
35.79,5.07384
35.8,5.07381
35.81,5.07379
35.82,5.07376
35.83,5.07373
35.84,5.07371
35.85,5.07368
35.86,5.07365
35.87,5.07363
35.88,5.0736
35.89,5.07358
35.9,5.07355
35.91,5.07353
35.92,5.0735
35.93,5.07347
35.94,5.07345
35.95,5.07342
35.96,5.0734
35.97,5.07337
35.98,5.07335
35.99,5.07332
36,5.0733
36.01,5.07327
36.02,5.07325
36.03,5.07322
36.04,5.0732
36.05,5.07317
36.06,5.07315
36.07,5.07312
36.08,5.0731
36.09,5.07307
36.1,5.07305
36.11,5.07302
36.12,5.073
36.13,5.07297
36.14,5.07295
36.15,5.07293
36.16,5.0729
36.17,5.07288
36.18,5.07285
36.19,5.07283
36.2,5.0728
36.21,5.07278
36.22,5.07276
36.23,5.07273
36.24,5.07271
36.25,5.07269
36.26,5.07266
36.27,5.07264
36.28,5.07262
36.29,5.07259
36.3,5.07257
36.31,5.07255
36.32,5.07252
36.33,5.0725
36.34,5.07248
36.35,5.07245
36.36,5.07243
36.37,5.07241
36.38,5.07238
36.39,5.07236
36.4,5.07234
36.41,5.07232
36.42,5.07229
36.43,5.07227
36.44,5.07225
36.45,5.07223
36.46,5.0722
36.47,5.07218
36.48,5.07216
36.49,5.07214
36.5,5.07211
36.51,5.07209
36.52,5.07207
36.53,5.07205
36.54,5.07203
36.55,5.07201
36.56,5.07198
36.57,5.07196
36.58,5.07194
36.59,5.07192
36.6,5.0719
36.61,5.07188
36.62,5.07185
36.63,5.07183
36.64,5.07181
36.65,5.07179
36.66,5.07177
36.67,5.07175
36.68,5.07173
36.69,5.07171
36.7,5.07168
36.71,5.07166
36.72,5.07164
36.73,5.07162
36.74,5.0716
36.75,5.07158
36.76,5.07156
36.77,5.07154
36.78,5.07152
36.79,5.0715
36.8,5.07148
36.81,5.07146
36.82,5.07144
36.83,5.07142
36.84,5.0714
36.85,5.07138
36.86,5.07136
36.87,5.07134
36.88,5.07132
36.89,5.0713
36.9,5.07128
36.91,5.07126
36.92,5.07124
36.93,5.07122
36.94,5.0712
36.95,5.07118
36.96,5.07116
36.97,5.07114
36.98,5.07112
36.99,5.0711
37,5.07108
37.01,5.07106
37.02,5.07104
37.03,5.07102
37.04,5.071
37.05,5.07098
37.06,5.07096
37.07,5.07094
37.08,5.07093
37.09,5.07091
37.1,5.07089
37.11,5.07087
37.12,5.07085
37.13,5.07083
37.14,5.07081
37.15,5.07079
37.16,5.07078
37.17,5.07076
37.18,5.07074
37.19,5.07072
37.2,5.0707
37.21,5.07068
37.22,5.07066
37.23,5.07065
37.24,5.07063
37.25,5.07061
37.26,5.07059
37.27,5.07057
37.28,5.07056
37.29,5.07054
37.3,5.07052
37.31,5.0705
37.32,5.07048
37.33,5.07047
37.34,5.07045
37.35,5.07043
37.36,5.07041
37.37,5.0704
37.38,5.07038
37.39,5.07036
37.4,5.07034
37.41,5.07033
37.42,5.07031
37.43,5.07029
37.44,5.07027
37.45,5.07026
37.46,5.07024
37.47,5.07022
37.48,5.0702
37.49,5.07019
37.5,5.07017
37.51,5.07015
37.52,5.07014
37.53,5.07012
37.54,5.0701
37.55,5.07009
37.56,5.07007
37.57,5.07005
37.58,5.07004
37.59,5.07002
37.6,5.07
37.61,5.06999
37.62,5.06997
37.63,5.06995
37.64,5.06994
37.65,5.06992
37.66,5.0699
37.67,5.06989
37.68,5.06987
37.69,5.06985
37.7,5.06984
37.71,5.06982
37.72,5.06981
37.73,5.06979
37.74,5.06977
37.75,5.06976
37.76,5.06974
37.77,5.06973
37.78,5.06971
37.79,5.0697
37.8,5.06968
37.81,5.06966
37.82,5.06965
37.83,5.06963
37.84,5.06962
37.85,5.0696
37.86,5.06959
37.87,5.06957
37.88,5.06956
37.89,5.06954
37.9,5.06952
37.91,5.06951
37.92,5.06949
37.93,5.06948
37.94,5.06946
37.95,5.06945
37.96,5.06943
37.97,5.06942
37.98,5.0694
37.99,5.06939
38,5.06937
38.01,5.06936
38.02,5.06934
38.03,5.06933
38.04,5.06931
38.05,5.0693
38.06,5.06928
38.07,5.06927
38.08,5.06926
38.09,5.06924
38.1,5.06923
38.11,5.06921
38.12,5.0692
38.13,5.06918
38.14,5.06917
38.15,5.06915
38.16,5.06914
38.17,5.06913
38.18,5.06911
38.19,5.0691
38.2,5.06908
38.21,5.06907
38.22,5.06905
38.23,5.06904
38.24,5.06903
38.25,5.06901
38.26,5.069
38.27,5.06898
38.28,5.06897
38.29,5.06896
38.3,5.06894
38.31,5.06893
38.32,5.06892
38.33,5.0689
38.34,5.06889
38.35,5.06887
38.36,5.06886
38.37,5.06885
38.38,5.06883
38.39,5.06882
38.4,5.06881
38.41,5.06879
38.42,5.06878
38.43,5.06877
38.44,5.06875
38.45,5.06874
38.46,5.06873
38.47,5.06871
38.48,5.0687
38.49,5.06869
38.5,5.06867
38.51,5.06866
38.52,5.06865
38.53,5.06864
38.54,5.06862
38.55,5.06861
38.56,5.0686
38.57,5.06858
38.58,5.06857
38.59,5.06856
38.6,5.06855
38.61,5.06853
38.62,5.06852
38.63,5.06851
38.64,5.0685
38.65,5.06848
38.66,5.06847
38.67,5.06846
38.68,5.06844
38.69,5.06843
38.7,5.06842
38.71,5.06841
38.72,5.0684
38.73,5.06838
38.74,5.06837
38.75,5.06836
38.76,5.06835
38.77,5.06833
38.78,5.06832
38.79,5.06831
38.8,5.0683
38.81,5.06829
38.82,5.06827
38.83,5.06826
38.84,5.06825
38.85,5.06824
38.86,5.06823
38.87,5.06821
38.88,5.0682
38.89,5.06819
38.9,5.06818
38.91,5.06817
38.92,5.06816
38.93,5.06814
38.94,5.06813
38.95,5.06812
38.96,5.06811
38.97,5.0681
38.98,5.06809
38.99,5.06807
39,5.06806
39.01,5.06805
39.02,5.06804
39.03,5.06803
39.04,5.06802
39.05,5.06801
39.06,5.06799
39.07,5.06798
39.08,5.06797
39.09,5.06796
39.1,5.06795
39.11,5.06794
39.12,5.06793
39.13,5.06792
39.14,5.06791
39.15,5.06789
39.16,5.06788
39.17,5.06787
39.18,5.06786
39.19,5.06785
39.2,5.06784
39.21,5.06783
39.22,5.06782
39.23,5.06781
39.24,5.0678
39.25,5.06779
39.26,5.06777
39.27,5.06776
39.28,5.06775
39.29,5.06774
39.3,5.06773
39.31,5.06772
39.32,5.06771
39.33,5.0677
39.34,5.06769
39.35,5.06768
39.36,5.06767
39.37,5.06766
39.38,5.06765
39.39,5.06764
39.4,5.06763
39.41,5.06762
39.42,5.06761
39.43,5.0676
39.44,5.06759
39.45,5.06758
39.46,5.06757
39.47,5.06756
39.48,5.06755
39.49,5.06754
39.5,5.06753
39.51,5.06752
39.52,5.06751
39.53,5.0675
39.54,5.06749
39.55,5.06748
39.56,5.06747
39.57,5.06746
39.58,5.06745
39.59,5.06744
39.6,5.06743
39.61,5.06742
39.62,5.06741
39.63,5.0674
39.64,5.06739
39.65,5.06738
39.66,5.06737
39.67,5.06736
39.68,5.06735
39.69,5.06734
39.7,5.06733
39.71,5.06732
39.72,5.06731
39.73,5.0673
39.74,5.06729
39.75,5.06728
39.76,5.06727
39.77,5.06726
39.78,5.06726
39.79,5.06725
39.8,5.06724
39.81,5.06723
39.82,5.06722
39.83,5.06721
39.84,5.0672
39.85,5.06719
39.86,5.06718
39.87,5.06717
39.88,5.06716
39.89,5.06715
39.9,5.06715
39.91,5.06714
39.92,5.06713
39.93,5.06712
39.94,5.06711
39.95,5.0671
39.96,5.06709
39.97,5.06708
39.98,5.06707
39.99,5.06707
40,5.06706
40.01,5.06705
40.02,5.06704
40.03,5.06703
40.04,5.06702
40.05,5.06701
40.06,5.067
40.07,5.067
40.08,5.06699
40.09,5.06698
40.1,5.06697
40.11,5.06696
40.12,5.06695
40.13,5.06694
40.14,5.06694
40.15,5.06693
40.16,5.06692
40.17,5.06691
40.18,5.0669
40.19,5.06689
40.2,5.06689
40.21,5.06688
40.22,5.06687
40.23,5.06686
40.24,5.06685
40.25,5.06684
40.26,5.06684
40.27,5.06683
40.28,5.06682
40.29,5.06681
40.3,5.0668
40.31,5.06679
40.32,5.06679
40.33,5.06678
40.34,5.06677
40.35,5.06676
40.36,5.06675
40.37,5.06675
40.38,5.06674
40.39,5.06673
40.4,5.06672
40.41,5.06672
40.42,5.06671
40.43,5.0667
40.44,5.06669
40.45,5.06668
40.46,5.06668
40.47,5.06667
40.48,5.06666
40.49,5.06665
40.5,5.06665
40.51,5.06664
40.52,5.06663
40.53,5.06662
40.54,5.06661
40.55,5.06661
40.56,5.0666
40.57,5.06659
40.58,5.06658
40.59,5.06658
40.6,5.06657
40.61,5.06656
40.62,5.06655
40.63,5.06655
40.64,5.06654
40.65,5.06653
40.66,5.06652
40.67,5.06652
40.68,5.06651
40.69,5.0665
40.7,5.0665
40.71,5.06649
40.72,5.06648
40.73,5.06647
40.74,5.06647
40.75,5.06646
40.76,5.06645
40.77,5.06644
40.78,5.06644
40.79,5.06643
40.8,5.06642
40.81,5.06642
40.82,5.06641
40.83,5.0664
40.84,5.0664
40.85,5.06639
40.86,5.06638
40.87,5.06637
40.88,5.06637
40.89,5.06636
40.9,5.06635
40.91,5.06635
40.92,5.06634
40.93,5.06633
40.94,5.06633
40.95,5.06632
40.96,5.06631
40.97,5.06631
40.98,5.0663
40.99,5.06629
41,5.06629
41.01,5.06628
41.02,5.06627
41.03,5.06626
41.04,5.06626
41.05,5.06625
41.06,5.06625
41.07,5.06624
41.08,5.06623
41.09,5.06623
41.1,5.06622
41.11,5.06621
41.12,5.06621
41.13,5.0662
41.14,5.06619
41.15,5.06619
41.16,5.06618
41.17,5.06617
41.18,5.06617
41.19,5.06616
41.2,5.06615
41.21,5.06615
41.22,5.06614
41.23,5.06613
41.24,5.06613
41.25,5.06612
41.26,5.06612
41.27,5.06611
41.28,5.0661
41.29,5.0661
41.3,5.06609
41.31,5.06608
41.32,5.06608
41.33,5.06607
41.34,5.06607
41.35,5.06606
41.36,5.06605
41.37,5.06605
41.38,5.06604
41.39,5.06604
41.4,5.06603
41.41,5.06602
41.42,5.06602
41.43,5.06601
41.44,5.06601
41.45,5.066
41.46,5.06599
41.47,5.06599
41.48,5.06598
41.49,5.06598
41.5,5.06597
41.51,5.06596
41.52,5.06596
41.53,5.06595
41.54,5.06595
41.55,5.06594
41.56,5.06594
41.57,5.06593
41.58,5.06592
41.59,5.06592
41.6,5.06591
41.61,5.06591
41.62,5.0659
41.63,5.06589
41.64,5.06589
41.65,5.06588
41.66,5.06588
41.67,5.06587
41.68,5.06587
41.69,5.06586
41.7,5.06586
41.71,5.06585
41.72,5.06584
41.73,5.06584
41.74,5.06583
41.75,5.06583
41.76,5.06582
41.77,5.06582
41.78,5.06581
41.79,5.06581
41.8,5.0658
41.81,5.06579
41.82,5.06579
41.83,5.06578
41.84,5.06578
41.85,5.06577
41.86,5.06577
41.87,5.06576
41.88,5.06576
41.89,5.06575
41.9,5.06575
41.91,5.06574
41.92,5.06574
41.93,5.06573
41.94,5.06573
41.95,5.06572
41.96,5.06572
41.97,5.06571
41.98,5.0657
41.99,5.0657
42,5.06569
42.01,5.06569
42.02,5.06568
42.03,5.06568
42.04,5.06567
42.05,5.06567
42.06,5.06566
42.07,5.06566
42.08,5.06565
42.09,5.06565
42.1,5.06564
42.11,5.06564
42.12,5.06563
42.13,5.06563
42.14,5.06562
42.15,5.06562
42.16,5.06561
42.17,5.06561
42.18,5.0656
42.19,5.0656
42.2,5.06559
42.21,5.06559
42.22,5.06558
42.23,5.06558
42.24,5.06557
42.25,5.06557
42.26,5.06557
42.27,5.06556
42.28,5.06556
42.29,5.06555
42.3,5.06555
42.31,5.06554
42.32,5.06554
42.33,5.06553
42.34,5.06553
42.35,5.06552
42.36,5.06552
42.37,5.06551
42.38,5.06551
42.39,5.0655
42.4,5.0655
42.41,5.06549
42.42,5.06549
42.43,5.06549
42.44,5.06548
42.45,5.06548
42.46,5.06547
42.47,5.06547
42.48,5.06546
42.49,5.06546
42.5,5.06545
42.51,5.06545
42.52,5.06544
42.53,5.06544
42.54,5.06544
42.55,5.06543
42.56,5.06543
42.57,5.06542
42.58,5.06542
42.59,5.06541
42.6,5.06541
42.61,5.0654
42.62,5.0654
42.63,5.0654
42.64,5.06539
42.65,5.06539
42.66,5.06538
42.67,5.06538
42.68,5.06537
42.69,5.06537
42.7,5.06537
42.71,5.06536
42.72,5.06536
42.73,5.06535
42.74,5.06535
42.75,5.06534
42.76,5.06534
42.77,5.06534
42.78,5.06533
42.79,5.06533
42.8,5.06532
42.81,5.06532
42.82,5.06532
42.83,5.06531
42.84,5.06531
42.85,5.0653
42.86,5.0653
42.87,5.0653
42.88,5.06529
42.89,5.06529
42.9,5.06528
42.91,5.06528
42.92,5.06527
42.93,5.06527
42.94,5.06527
42.95,5.06526
42.96,5.06526
42.97,5.06526
42.98,5.06525
42.99,5.06525
43,5.06524
43.01,5.06524
43.02,5.06524
43.03,5.06523
43.04,5.06523
43.05,5.06522
43.06,5.06522
43.07,5.06522
43.08,5.06521
43.09,5.06521
43.1,5.0652
43.11,5.0652
43.12,5.0652
43.13,5.06519
43.14,5.06519
43.15,5.06519
43.16,5.06518
43.17,5.06518
43.18,5.06517
43.19,5.06517
43.2,5.06517
43.21,5.06516
43.22,5.06516
43.23,5.06516
43.24,5.06515
43.25,5.06515
43.26,5.06514
43.27,5.06514
43.28,5.06514
43.29,5.06513
43.3,5.06513
43.31,5.06513
43.32,5.06512
43.33,5.06512
43.34,5.06512
43.35,5.06511
43.36,5.06511
43.37,5.0651
43.38,5.0651
43.39,5.0651
43.4,5.06509
43.41,5.06509
43.42,5.06509
43.43,5.06508
43.44,5.06508
43.45,5.06508
43.46,5.06507
43.47,5.06507
43.48,5.06507
43.49,5.06506
43.5,5.06506
43.51,5.06506
43.52,5.06505
43.53,5.06505
43.54,5.06505
43.55,5.06504
43.56,5.06504
43.57,5.06504
43.58,5.06503
43.59,5.06503
43.6,5.06503
43.61,5.06502
43.62,5.06502
43.63,5.06502
43.64,5.06501
43.65,5.06501
43.66,5.06501
43.67,5.065
43.68,5.065
43.69,5.065
43.7,5.06499
43.71,5.06499
43.72,5.06499
43.73,5.06498
43.74,5.06498
43.75,5.06498
43.76,5.06497
43.77,5.06497
43.78,5.06497
43.79,5.06496
43.8,5.06496
43.81,5.06496
43.82,5.06495
43.83,5.06495
43.84,5.06495
43.85,5.06494
43.86,5.06494
43.87,5.06494
43.88,5.06494
43.89,5.06493
43.9,5.06493
43.91,5.06493
43.92,5.06492
43.93,5.06492
43.94,5.06492
43.95,5.06491
43.96,5.06491
43.97,5.06491
43.98,5.0649
43.99,5.0649
44,5.0649
44.01,5.0649
44.02,5.06489
44.03,5.06489
44.04,5.06489
44.05,5.06488
44.06,5.06488
44.07,5.06488
44.08,5.06488
44.09,5.06487
44.1,5.06487
44.11,5.06487
44.12,5.06486
44.13,5.06486
44.14,5.06486
44.15,5.06485
44.16,5.06485
44.17,5.06485
44.18,5.06485
44.19,5.06484
44.2,5.06484
44.21,5.06484
44.22,5.06483
44.23,5.06483
44.24,5.06483
44.25,5.06483
44.26,5.06482
44.27,5.06482
44.28,5.06482
44.29,5.06482
44.3,5.06481
44.31,5.06481
44.32,5.06481
44.33,5.0648
44.34,5.0648
44.35,5.0648
44.36,5.0648
44.37,5.06479
44.38,5.06479
44.39,5.06479
44.4,5.06479
44.41,5.06478
44.42,5.06478
44.43,5.06478
44.44,5.06477
44.45,5.06477
44.46,5.06477
44.47,5.06477
44.48,5.06476
44.49,5.06476
44.5,5.06476
44.51,5.06476
44.52,5.06475
44.53,5.06475
44.54,5.06475
44.55,5.06475
44.56,5.06474
44.57,5.06474
44.58,5.06474
44.59,5.06474
44.6,5.06473
44.61,5.06473
44.62,5.06473
44.63,5.06473
44.64,5.06472
44.65,5.06472
44.66,5.06472
44.67,5.06472
44.68,5.06471
44.69,5.06471
44.7,5.06471
44.71,5.06471
44.72,5.0647
44.73,5.0647
44.74,5.0647
44.75,5.0647
44.76,5.06469
44.77,5.06469
44.78,5.06469
44.79,5.06469
44.8,5.06468
44.81,5.06468
44.82,5.06468
44.83,5.06468
44.84,5.06467
44.85,5.06467
44.86,5.06467
44.87,5.06467
44.88,5.06466
44.89,5.06466
44.9,5.06466
44.91,5.06466
44.92,5.06466
44.93,5.06465
44.94,5.06465
44.95,5.06465
44.96,5.06465
44.97,5.06464
44.98,5.06464
44.99,5.06464
45,5.06464
45.01,5.06463
45.02,5.06463
45.03,5.06463
45.04,5.06463
45.05,5.06463
45.06,5.06462
45.07,5.06462
45.08,5.06462
45.09,5.06462
45.1,5.06461
45.11,5.06461
45.12,5.06461
45.13,5.06461
45.14,5.06461
45.15,5.0646
45.16,5.0646
45.17,5.0646
45.18,5.0646
45.19,5.06459
45.2,5.06459
45.21,5.06459
45.22,5.06459
45.23,5.06459
45.24,5.06458
45.25,5.06458
45.26,5.06458
45.27,5.06458
45.28,5.06458
45.29,5.06457
45.3,5.06457
45.31,5.06457
45.32,5.06457
45.33,5.06456
45.34,5.06456
45.35,5.06456
45.36,5.06456
45.37,5.06456
45.38,5.06455
45.39,5.06455
45.4,5.06455
45.41,5.06455
45.42,5.06455
45.43,5.06454
45.44,5.06454
45.45,5.06454
45.46,5.06454
45.47,5.06454
45.48,5.06453
45.49,5.06453
45.5,5.06453
45.51,5.06453
45.52,5.06453
45.53,5.06452
45.54,5.06452
45.55,5.06452
45.56,5.06452
45.57,5.06452
45.58,5.06451
45.59,5.06451
45.6,5.06451
45.61,5.06451
45.62,5.06451
45.63,5.06451
45.64,5.0645
45.65,5.0645
45.66,5.0645
45.67,5.0645
45.68,5.0645
45.69,5.06449
45.7,5.06449
45.71,5.06449
45.72,5.06449
45.73,5.06449
45.74,5.06448
45.75,5.06448
45.76,5.06448
45.77,5.06448
45.78,5.06448
45.79,5.06448
45.8,5.06447
45.81,5.06447
45.82,5.06447
45.83,5.06447
45.84,5.06447
45.85,5.06446
45.86,5.06446
45.87,5.06446
45.88,5.06446
45.89,5.06446
45.9,5.06446
45.91,5.06445
45.92,5.06445
45.93,5.06445
45.94,5.06445
45.95,5.06445
45.96,5.06444
45.97,5.06444
45.98,5.06444
45.99,5.06444
46,5.06444
46.01,5.06444
46.02,5.06443
46.03,5.06443
46.04,5.06443
46.05,5.06443
46.06,5.06443
46.07,5.06443
46.08,5.06442
46.09,5.06442
46.1,5.06442
46.11,5.06442
46.12,5.06442
46.13,5.06442
46.14,5.06441
46.15,5.06441
46.16,5.06441
46.17,5.06441
46.18,5.06441
46.19,5.06441
46.2,5.0644
46.21,5.0644
46.22,5.0644
46.23,5.0644
46.24,5.0644
46.25,5.0644
46.26,5.0644
46.27,5.06439
46.28,5.06439
46.29,5.06439
46.3,5.06439
46.31,5.06439
46.32,5.06439
46.33,5.06438
46.34,5.06438
46.35,5.06438
46.36,5.06438
46.37,5.06438
46.38,5.06438
46.39,5.06437
46.4,5.06437
46.41,5.06437
46.42,5.06437
46.43,5.06437
46.44,5.06437
46.45,5.06437
46.46,5.06436
46.47,5.06436
46.48,5.06436
46.49,5.06436
46.5,5.06436
46.51,5.06436
46.52,5.06436
46.53,5.06435
46.54,5.06435
46.55,5.06435
46.56,5.06435
46.57,5.06435
46.58,5.06435
46.59,5.06434
46.6,5.06434
46.61,5.06434
46.62,5.06434
46.63,5.06434
46.64,5.06434
46.65,5.06434
46.66,5.06433
46.67,5.06433
46.68,5.06433
46.69,5.06433
46.7,5.06433
46.71,5.06433
46.72,5.06433
46.73,5.06432
46.74,5.06432
46.75,5.06432
46.76,5.06432
46.77,5.06432
46.78,5.06432
46.79,5.06432
46.8,5.06432
46.81,5.06431
46.82,5.06431
46.83,5.06431
46.84,5.06431
46.85,5.06431
46.86,5.06431
46.87,5.06431
46.88,5.0643
46.89,5.0643
46.9,5.0643
46.91,5.0643
46.92,5.0643
46.93,5.0643
46.94,5.0643
46.95,5.0643
46.96,5.06429
46.97,5.06429
46.98,5.06429
46.99,5.06429
47,5.06429
47.01,5.06429
47.02,5.06429
47.03,5.06429
47.04,5.06428
47.05,5.06428
47.06,5.06428
47.07,5.06428
47.08,5.06428
47.09,5.06428
47.1,5.06428
47.11,5.06428
47.12,5.06427
47.13,5.06427
47.14,5.06427
47.15,5.06427
47.16,5.06427
47.17,5.06427
47.18,5.06427
47.19,5.06427
47.2,5.06426
47.21,5.06426
47.22,5.06426
47.23,5.06426
47.24,5.06426
47.25,5.06426
47.26,5.06426
47.27,5.06426
47.28,5.06425
47.29,5.06425
47.3,5.06425
47.31,5.06425
47.32,5.06425
47.33,5.06425
47.34,5.06425
47.35,5.06425
47.36,5.06425
47.37,5.06424
47.38,5.06424
47.39,5.06424
47.4,5.06424
47.41,5.06424
47.42,5.06424
47.43,5.06424
47.44,5.06424
47.45,5.06424
47.46,5.06423
47.47,5.06423
47.48,5.06423
47.49,5.06423
47.5,5.06423
47.51,5.06423
47.52,5.06423
47.53,5.06423
47.54,5.06423
47.55,5.06422
47.56,5.06422
47.57,5.06422
47.58,5.06422
47.59,5.06422
47.6,5.06422
47.61,5.06422
47.62,5.06422
47.63,5.06422
47.64,5.06421
47.65,5.06421
47.66,5.06421
47.67,5.06421
47.68,5.06421
47.69,5.06421
47.7,5.06421
47.71,5.06421
47.72,5.06421
47.73,5.06421
47.74,5.0642
47.75,5.0642
47.76,5.0642
47.77,5.0642
47.78,5.0642
47.79,5.0642
47.8,5.0642
47.81,5.0642
47.82,5.0642
47.83,5.0642
47.84,5.06419
47.85,5.06419
47.86,5.06419
47.87,5.06419
47.88,5.06419
47.89,5.06419
47.9,5.06419
47.91,5.06419
47.92,5.06419
47.93,5.06419
47.94,5.06418
47.95,5.06418
47.96,5.06418
47.97,5.06418
47.98,5.06418
47.99,5.06418
48,5.06418
48.01,5.06418
48.02,5.06418
48.03,5.06418
48.04,5.06418
48.05,5.06417
48.06,5.06417
48.07,5.06417
48.08,5.06417
48.09,5.06417
48.1,5.06417
48.11,5.06417
48.12,5.06417
48.13,5.06417
48.14,5.06417
48.15,5.06417
48.16,5.06416
48.17,5.06416
48.18,5.06416
48.19,5.06416
48.2,5.06416
48.21,5.06416
48.22,5.06416
48.23,5.06416
48.24,5.06416
48.25,5.06416
48.26,5.06416
48.27,5.06415
48.28,5.06415
48.29,5.06415
48.3,5.06415
48.31,5.06415
48.32,5.06415
48.33,5.06415
48.34,5.06415
48.35,5.06415
48.36,5.06415
48.37,5.06415
48.38,5.06415
48.39,5.06415
48.4,5.06414
48.41,5.06414
48.42,5.06414
48.43,5.06414
48.44,5.06414
48.45,5.06414
48.46,5.06414
48.47,5.06414
48.48,5.06414
48.49,5.06414
48.5,5.06414
48.51,5.06414
48.52,5.06413
48.53,5.06413
48.54,5.06413
48.55,5.06413
48.56,5.06413
48.57,5.06413
48.58,5.06413
48.59,5.06413
48.6,5.06413
48.61,5.06413
48.62,5.06413
48.63,5.06413
48.64,5.06413
48.65,5.06412
48.66,5.06412
48.67,5.06412
48.68,5.06412
48.69,5.06412
48.7,5.06412
48.71,5.06412
48.72,5.06412
48.73,5.06412
48.74,5.06412
48.75,5.06412
48.76,5.06412
48.77,5.06412
48.78,5.06412
48.79,5.06411
48.8,5.06411
48.81,5.06411
48.82,5.06411
48.83,5.06411
48.84,5.06411
48.85,5.06411
48.86,5.06411
48.87,5.06411
48.88,5.06411
48.89,5.06411
48.9,5.06411
48.91,5.06411
48.92,5.06411
48.93,5.06411
48.94,5.0641
48.95,5.0641
48.96,5.0641
48.97,5.0641
48.98,5.0641
48.99,5.0641
49,5.0641
49.01,5.0641
49.02,5.0641
49.03,5.0641
49.04,5.0641
49.05,5.0641
49.06,5.0641
49.07,5.0641
49.08,5.0641
49.09,5.0641
49.1,5.06409
49.11,5.06409
49.12,5.06409
49.13,5.06409
49.14,5.06409
49.15,5.06409
49.16,5.06409
49.17,5.06409
49.18,5.06409
49.19,5.06409
49.2,5.06409
49.21,5.06409
49.22,5.06409
49.23,5.06409
49.24,5.06409
49.25,5.06409
49.26,5.06409
49.27,5.06408
49.28,5.06408
49.29,5.06408
49.3,5.06408
49.31,5.06408
49.32,5.06408
49.33,5.06408
49.34,5.06408
49.35,5.06408
49.36,5.06408
49.37,5.06408
49.38,5.06408
49.39,5.06408
49.4,5.06408
49.41,5.06408
49.42,5.06408
49.43,5.06408
49.44,5.06408
49.45,5.06407
49.46,5.06407
49.47,5.06407
49.48,5.06407
49.49,5.06407
49.5,5.06407
49.51,5.06407
49.52,5.06407
49.53,5.06407
49.54,5.06407
49.55,5.06407
49.56,5.06407
49.57,5.06407
49.58,5.06407
49.59,5.06407
49.6,5.06407
49.61,5.06407
49.62,5.06407
49.63,5.06407
49.64,5.06407
49.65,5.06406
49.66,5.06406
49.67,5.06406
49.68,5.06406
49.69,5.06406
49.7,5.06406
49.71,5.06406
49.72,5.06406
49.73,5.06406
49.74,5.06406
49.75,5.06406
49.76,5.06406
49.77,5.06406
49.78,5.06406
49.79,5.06406
49.8,5.06406
49.81,5.06406
49.82,5.06406
49.83,5.06406
49.84,5.06406
49.85,5.06406
49.86,5.06406
49.87,5.06405
49.88,5.06405
49.89,5.06405
49.9,5.06405
49.91,5.06405
49.92,5.06405
49.93,5.06405
49.94,5.06405
49.95,5.06405
49.96,5.06405
49.97,5.06405
49.98,5.06405
49.99,5.06405
50,5.06405
50.01,5.06405
50.02,5.06405
50.03,5.06405
50.04,5.06405
50.05,5.06405
50.06,5.06405
50.07,5.06405
50.08,5.06405
50.09,5.06405
50.1,5.06405
50.11,5.06405
50.12,5.06405
50.13,5.06404
50.14,5.06404
50.15,5.06404
50.16,5.06404
50.17,5.06404
50.18,5.06404
50.19,5.06404
50.2,5.06404
50.21,5.06404
50.22,5.06404
50.23,5.06404
50.24,5.06404
50.25,5.06404
50.26,5.06404
50.27,5.06404
50.28,5.06404
50.29,5.06404
50.3,5.06404
50.31,5.06404
50.32,5.06404
50.33,5.06404
50.34,5.06404
50.35,5.06404
50.36,5.06404
50.37,5.06404
50.38,5.06404
50.39,5.06404
50.4,5.06404
50.41,5.06404
50.42,5.06403
50.43,5.06403
50.44,5.06403
50.45,5.06403
50.46,5.06403
50.47,5.06403
50.48,5.06403
50.49,5.06403
50.5,5.06403
50.51,5.06403
50.52,5.06403
50.53,5.06403
50.54,5.06403
50.55,5.06403
50.56,5.06403
50.57,5.06403
50.58,5.06403
50.59,5.06403
50.6,5.06403
50.61,5.06403
50.62,5.06403
50.63,5.06403
50.64,5.06403
50.65,5.06403
50.66,5.06403
50.67,5.06403
50.68,5.06403
50.69,5.06403
50.7,5.06403
50.71,5.06403
50.72,5.06403
50.73,5.06403
50.74,5.06403
50.75,5.06403
50.76,5.06403
50.77,5.06403
50.78,5.06403
50.79,5.06402
50.8,5.06402
50.81,5.06402
50.82,5.06402
50.83,5.06402
50.84,5.06402
50.85,5.06402
50.86,5.06402
50.87,5.06402
50.88,5.06402
50.89,5.06402
50.9,5.06402
50.91,5.06402
50.92,5.06402
50.93,5.06402
50.94,5.06402
50.95,5.06402
50.96,5.06402
50.97,5.06402
50.98,5.06402
50.99,5.06402
51,5.06402
51.01,5.06402
51.02,5.06402
51.03,5.06402
51.04,5.06402
51.05,5.06402
51.06,5.06402
51.07,5.06402
51.08,5.06402
51.09,5.06402
51.1,5.06402
51.11,5.06402
51.12,5.06402
51.13,5.06402
51.14,5.06402
51.15,5.06402
51.16,5.06402
51.17,5.06402
51.18,5.06402
51.19,5.06402
51.2,5.06402
51.21,5.06402
51.22,5.06402
51.23,5.06402
51.24,5.06402
51.25,5.06402
51.26,5.06402
51.27,5.06402
51.28,5.06402
51.29,5.06401
51.3,5.06401
51.31,5.06401
51.32,5.06401
51.33,5.06401
51.34,5.06401
51.35,5.06401
51.36,5.06401
51.37,5.06401
51.38,5.06401
51.39,5.06401
51.4,5.06401
51.41,5.06401
51.42,5.06401
51.43,5.06401
51.44,5.06401
51.45,5.06401
51.46,5.06401
51.47,5.06401
51.48,5.06401
51.49,5.06401
51.5,5.06401
51.51,5.06401
51.52,5.06401
51.53,5.06401
51.54,5.06401
51.55,5.06401
51.56,5.06401
51.57,5.06401
51.58,5.06401
51.59,5.06401
51.6,5.06401
51.61,5.06401
51.62,5.06401
51.63,5.06401
51.64,5.06401
51.65,5.06401
51.66,5.06401
51.67,5.06401
51.68,5.06401
51.69,5.06401
51.7,5.06401
51.71,5.06401
51.72,5.06401
51.73,5.06401
51.74,5.06401
51.75,5.06401
51.76,5.06401
51.77,5.06401
51.78,5.06401
51.79,5.06401
51.8,5.06401
51.81,5.06401
51.82,5.06401
51.83,5.06401
51.84,5.06401
51.85,5.06401
51.86,5.06401
51.87,5.06401
51.88,5.06401
51.89,5.06401
51.9,5.06401
51.91,5.06401
51.92,5.06401
51.93,5.06401
51.94,5.06401
51.95,5.06401
51.96,5.06401
51.97,5.06401
51.98,5.06401
51.99,5.06401
52,5.06401
52.01,5.06401
52.02,5.06401
52.03,5.06401
52.04,5.06401
52.05,5.06401
52.06,5.06401
52.07,5.06401
52.08,5.06401
52.09,5.06401
52.1,5.06401
52.11,5.06401
52.12,5.06401
52.13,5.06401
52.14,5.06401
52.15,5.06401
52.16,5.06401
52.17,5.06401
52.18,5.06401
52.19,5.06401
52.2,5.06401
52.21,5.06401
52.22,5.06401
52.23,5.06401
52.24,5.06401
52.25,5.06401
52.26,5.06401
52.27,5.06401
52.28,5.06401
52.29,5.06401
52.3,5.06401
52.31,5.06401
52.32,5.06401
52.33,5.06401
52.34,5.06401
52.35,5.06401
52.36,5.06401
52.37,5.06401
52.38,5.06401
52.39,5.06401
52.4,5.06401
52.41,5.06401
52.42,5.06401
52.43,5.06401
52.44,5.06401
52.45,5.06401
52.46,5.06401
52.47,5.06401
52.48,5.06401
52.49,5.06401
52.5,5.06401
52.51,5.06401
52.52,5.06401
52.53,5.06401
52.54,5.06401
52.55,5.06401
52.56,5.06401
52.57,5.06401
52.58,5.06401
52.59,5.06401
52.6,5.06401
52.61,5.06401
52.62,5.06401
52.63,5.06401
52.64,5.06401
52.65,5.06401
52.66,5.06401
52.67,5.06401
52.68,5.06401
52.69,5.06401
52.7,5.06401
52.71,5.06401
52.72,5.06401
52.73,5.06401
52.74,5.06401
52.75,5.06401
52.76,5.06401
52.77,5.06401
52.78,5.06401
52.79,5.06401
52.8,5.06401
52.81,5.06401
52.82,5.06401
52.83,5.06401
52.84,5.06401
52.85,5.06401
52.86,5.06401
52.87,5.06401
52.88,5.06401
52.89,5.06401
52.9,5.06401
52.91,5.06401
52.92,5.06401
52.93,5.06401
52.94,5.06401
52.95,5.06401
52.96,5.06401
52.97,5.06401
52.98,5.06401
52.99,5.06401
53,5.06401
53.01,5.06401
53.02,5.06401
53.03,5.06401
53.04,5.06401
53.05,5.06401
53.06,5.06401
53.07,5.06401
53.08,5.06401
53.09,5.06401
53.1,5.06401
53.11,5.06401
53.12,5.06401
53.13,5.06401
53.14,5.06401
53.15,5.06401
53.16,5.06401
53.17,5.06401
53.18,5.06401
53.19,5.06401
53.2,5.06401
53.21,5.06401
53.22,5.06401
53.23,5.06401
53.24,5.06401
53.25,5.06401
53.26,5.06401
53.27,5.06401
53.28,5.06401
53.29,5.06401
53.3,5.06401
53.31,5.06401
53.32,5.06401
53.33,5.06401
53.34,5.06401
53.35,5.06401
53.36,5.06401
53.37,5.06401
53.38,5.06401
53.39,5.06401
53.4,5.06401
53.41,5.06401
53.42,5.06401
53.43,5.06401
53.44,5.06401
53.45,5.06401
53.46,5.06401
53.47,5.06401
53.48,5.06401
53.49,5.06401
53.5,5.06401
53.51,5.06401
53.52,5.06401
53.53,5.06401
53.54,5.06401
53.55,5.06401
53.56,5.06401
53.57,5.06401
53.58,5.06401
53.59,5.06401
53.6,5.06401
53.61,5.06401
53.62,5.06401
53.63,5.06401
53.64,5.06401
53.65,5.06401
53.66,5.06401
53.67,5.06401
53.68,5.06401
53.69,5.06401
53.7,5.06401
53.71,5.06401
53.72,5.06401
53.73,5.06401
53.74,5.06401
53.75,5.06401
53.76,5.06401
53.77,5.06401
53.78,5.06401
53.79,5.06401
53.8,5.06401
53.81,5.06401
53.82,5.06401
53.83,5.06401
53.84,5.06401
53.85,5.06401
53.86,5.06401
53.87,5.06401
53.88,5.06401
53.89,5.06401
53.9,5.06401
53.91,5.06401
53.92,5.06401
53.93,5.06401
53.94,5.06401
53.95,5.06401
53.96,5.06401
53.97,5.06401
53.98,5.06401
53.99,5.06401
54,5.06401
54.01,5.06401
54.02,5.06401
54.03,5.06401
54.04,5.06401
54.05,5.06401
54.06,5.06401
54.07,5.06401
54.08,5.06401
54.09,5.06401
54.1,5.06401
54.11,5.06401
54.12,5.06401
54.13,5.06401
54.14,5.06401
54.15,5.06401
54.16,5.06401
54.17,5.06401
54.18,5.06401
54.19,5.06401
54.2,5.06401
54.21,5.06401
54.22,5.06401
54.23,5.06401
54.24,5.06401
54.25,5.06401
54.26,5.06401
54.27,5.06401
54.28,5.06401
54.29,5.06401
54.3,5.06401
54.31,5.06401
54.32,5.06401
54.33,5.06401
54.34,5.06401
54.35,5.06401
54.36,5.06401
54.37,5.06401
54.38,5.06401
54.39,5.06401
54.4,5.06401
54.41,5.06401
54.42,5.06401
54.43,5.06401
54.44,5.06401
54.45,5.06401
54.46,5.06401
54.47,5.06401
54.48,5.06401
54.49,5.06401
54.5,5.06401
54.51,5.06401
54.52,5.06401
54.53,5.06401
54.54,5.06401
54.55,5.06401
54.56,5.06401
54.57,5.06401
54.58,5.06401
54.59,5.06401
54.6,5.06401
54.61,5.06401
54.62,5.06402
54.63,5.06402
54.64,5.06402
54.65,5.06402
54.66,5.06402
54.67,5.06402
54.68,5.06402
54.69,5.06402
54.7,5.06402
54.71,5.06402
54.72,5.06402
54.73,5.06402
54.74,5.06402
54.75,5.06402
54.76,5.06402
54.77,5.06402
54.78,5.06402
54.79,5.06402
54.8,5.06402
54.81,5.06402
54.82,5.06402
54.83,5.06402
54.84,5.06402
54.85,5.06402
54.86,5.06402
54.87,5.06402
54.88,5.06402
54.89,5.06402
54.9,5.06402
54.91,5.06402
54.92,5.06402
54.93,5.06402
54.94,5.06402
54.95,5.06402
54.96,5.06402
54.97,5.06402
54.98,5.06402
54.99,5.06402
55,5.06402
55.01,5.06402
55.02,5.06402
55.03,5.06402
55.04,5.06402
55.05,5.06402
55.06,5.06402
55.07,5.06402
55.08,5.06402
55.09,5.06402
55.1,5.06402
55.11,5.06402
55.12,5.06402
55.13,5.06402
55.14,5.06402
55.15,5.06402
55.16,5.06402
55.17,5.06402
55.18,5.06402
55.19,5.06402
55.2,5.06402
55.21,5.06402
55.22,5.06402
55.23,5.06402
55.24,5.06402
55.25,5.06402
55.26,5.06402
55.27,5.06402
55.28,5.06402
55.29,5.06402
55.3,5.06402
55.31,5.06402
55.32,5.06402
55.33,5.06402
55.34,5.06402
55.35,5.06402
55.36,5.06402
55.37,5.06402
55.38,5.06402
55.39,5.06402
55.4,5.06402
55.41,5.06402
55.42,5.06402
55.43,5.06402
55.44,5.06402
55.45,5.06402
55.46,5.06402
55.47,5.06402
55.48,5.06402
55.49,5.06402
55.5,5.06402
55.51,5.06402
55.52,5.06402
55.53,5.06402
55.54,5.06402
55.55,5.06402
55.56,5.06402
55.57,5.06402
55.58,5.06402
55.59,5.06402
55.6,5.06402
55.61,5.06402
55.62,5.06402
55.63,5.06402
55.64,5.06402
55.65,5.06402
55.66,5.06402
55.67,5.06402
55.68,5.06402
55.69,5.06402
55.7,5.06402
55.71,5.06402
55.72,5.06402
55.73,5.06402
55.74,5.06402
55.75,5.06402
55.76,5.06402
55.77,5.06403
55.78,5.06403
55.79,5.06403
55.8,5.06403
55.81,5.06403
55.82,5.06403
55.83,5.06403
55.84,5.06403
55.85,5.06403
55.86,5.06403
55.87,5.06403
55.88,5.06403
55.89,5.06403
55.9,5.06403
55.91,5.06403
55.92,5.06403
55.93,5.06403
55.94,5.06403
55.95,5.06403
55.96,5.06403
55.97,5.06403
55.98,5.06403
55.99,5.06403
56,5.06403
56.01,5.06403
56.02,5.06403
56.03,5.06403
56.04,5.06403
56.05,5.06403
56.06,5.06403
56.07,5.06403
56.08,5.06403
56.09,5.06403
56.1,5.06403
56.11,5.06403
56.12,5.06403
56.13,5.06403
56.14,5.06403
56.15,5.06403
56.16,5.06403
56.17,5.06403
56.18,5.06403
56.19,5.06403
56.2,5.06403
56.21,5.06403
56.22,5.06403
56.23,5.06403
56.24,5.06403
56.25,5.06403
56.26,5.06403
56.27,5.06403
56.28,5.06403
56.29,5.06403
56.3,5.06403
56.31,5.06403
56.32,5.06403
56.33,5.06403
56.34,5.06403
56.35,5.06403
56.36,5.06403
56.37,5.06403
56.38,5.06403
56.39,5.06403
56.4,5.06403
56.41,5.06403
56.42,5.06403
56.43,5.06403
56.44,5.06403
56.45,5.06403
56.46,5.06403
56.47,5.06403
56.48,5.06403
56.49,5.06403
56.5,5.06403
56.51,5.06403
56.52,5.06403
56.53,5.06403
56.54,5.06403
56.55,5.06403
56.56,5.06403
56.57,5.06403
56.58,5.06403
56.59,5.06403
56.6,5.06403
56.61,5.06403
56.62,5.06403
56.63,5.06403
56.64,5.06403
56.65,5.06403
56.66,5.06403
56.67,5.06403
56.68,5.06403
56.69,5.06403
56.7,5.06403
56.71,5.06403
56.72,5.06403
56.73,5.06403
56.74,5.06403
56.75,5.06403
56.76,5.06403
56.77,5.06403
56.78,5.06403
56.79,5.06403
56.8,5.06403
56.81,5.06403
56.82,5.06403
56.83,5.06403
56.84,5.06403
56.85,5.06403
56.86,5.06404
56.87,5.06404
56.88,5.06404
56.89,5.06404
56.9,5.06404
56.91,5.06404
56.92,5.06404
56.93,5.06404
56.94,5.06404
56.95,5.06404
56.96,5.06404
56.97,5.06404
56.98,5.06404
56.99,5.06404
57,5.06404
57.01,5.06404
57.02,5.06404
57.03,5.06404
57.04,5.06404
57.05,5.06404
57.06,5.06404
57.07,5.06404
57.08,5.06404
57.09,5.06404
57.1,5.06404
57.11,5.06404
57.12,5.06404
57.13,5.06404
57.14,5.06404
57.15,5.06404
57.16,5.06404
57.17,5.06404
57.18,5.06404
57.19,5.06404
57.2,5.06404
57.21,5.06404
57.22,5.06404
57.23,5.06404
57.24,5.06404
57.25,5.06404
57.26,5.06404
57.27,5.06404
57.28,5.06404
57.29,5.06404
57.3,5.06404
57.31,5.06404
57.32,5.06404
57.33,5.06404
57.34,5.06404
57.35,5.06404
57.36,5.06404
57.37,5.06404
57.38,5.06404
57.39,5.06404
57.4,5.06404
57.41,5.06404
57.42,5.06404
57.43,5.06404
57.44,5.06404
57.45,5.06404
57.46,5.06404
57.47,5.06404
57.48,5.06404
57.49,5.06404
57.5,5.06404
57.51,5.06404
57.52,5.06404
57.53,5.06404
57.54,5.06404
57.55,5.06404
57.56,5.06404
57.57,5.06404
57.58,5.06404
57.59,5.06404
57.6,5.06404
57.61,5.06404
57.62,5.06404
57.63,5.06404
57.64,5.06404
57.65,5.06404
57.66,5.06404
57.67,5.06404
57.68,5.06404
57.69,5.06404
57.7,5.06404
57.71,5.06404
57.72,5.06404
57.73,5.06404
57.74,5.06404
57.75,5.06404
57.76,5.06404
57.77,5.06404
57.78,5.06404
57.79,5.06404
57.8,5.06404
57.81,5.06404
57.82,5.06404
57.83,5.06404
57.84,5.06404
57.85,5.06404
57.86,5.06404
57.87,5.06404
57.88,5.06404
57.89,5.06404
57.9,5.06404
57.91,5.06404
57.92,5.06404
57.93,5.06404
57.94,5.06405
57.95,5.06405
57.96,5.06405
57.97,5.06405
57.98,5.06405
57.99,5.06405
58,5.06405
58.01,5.06405
58.02,5.06405
58.03,5.06405
58.04,5.06405
58.05,5.06405
58.06,5.06405
58.07,5.06405
58.08,5.06405
58.09,5.06405
58.1,5.06405
58.11,5.06405
58.12,5.06405
58.13,5.06405
58.14,5.06405
58.15,5.06405
58.16,5.06405
58.17,5.06405
58.18,5.06405
58.19,5.06405
58.2,5.06405
58.21,5.06405
58.22,5.06405
58.23,5.06405
58.24,5.06405
58.25,5.06405
58.26,5.06405
58.27,5.06405
58.28,5.06405
58.29,5.06405
58.3,5.06405
58.31,5.06405
58.32,5.06405
58.33,5.06405
58.34,5.06405
58.35,5.06405
58.36,5.06405
58.37,5.06405
58.38,5.06405
58.39,5.06405
58.4,5.06405
58.41,5.06405
58.42,5.06405
58.43,5.06405
58.44,5.06405
58.45,5.06405
58.46,5.06405
58.47,5.06405
58.48,5.06405
58.49,5.06405
58.5,5.06405
58.51,5.06405
58.52,5.06405
58.53,5.06405
58.54,5.06405
58.55,5.06405
58.56,5.06405
58.57,5.06405
58.58,5.06405
58.59,5.06405
58.6,5.06405
58.61,5.06405
58.62,5.06405
58.63,5.06405
58.64,5.06405
58.65,5.06405
58.66,5.06405
58.67,5.06405
58.68,5.06405
58.69,5.06405
58.7,5.06405
58.71,5.06405
58.72,5.06405
58.73,5.06405
58.74,5.06405
58.75,5.06405
58.76,5.06405
58.77,5.06405
58.78,5.06405
58.79,5.06405
58.8,5.06405
58.81,5.06405
58.82,5.06405
58.83,5.06405
58.84,5.06405
58.85,5.06405
58.86,5.06405
58.87,5.06405
58.88,5.06405
58.89,5.06405
58.9,5.06405
58.91,5.06405
58.92,5.06405
58.93,5.06405
58.94,5.06405
58.95,5.06405
58.96,5.06405
58.97,5.06405
58.98,5.06405
58.99,5.06405
59,5.06405
59.01,5.06405
59.02,5.06405
59.03,5.06405
59.04,5.06406
59.05,5.06406
59.06,5.06406
59.07,5.06406
59.08,5.06406
59.09,5.06406
59.1,5.06406
59.11,5.06406
59.12,5.06406
59.13,5.06406
59.14,5.06406
59.15,5.06406
59.16,5.06406
59.17,5.06406
59.18,5.06406
59.19,5.06406
59.2,5.06406
59.21,5.06406
59.22,5.06406
59.23,5.06406
59.24,5.06406
59.25,5.06406
59.26,5.06406
59.27,5.06406
59.28,5.06406
59.29,5.06406
59.3,5.06406
59.31,5.06406
59.32,5.06406
59.33,5.06406
59.34,5.06406
59.35,5.06406
59.36,5.06406
59.37,5.06406
59.38,5.06406
59.39,5.06406
59.4,5.06406
59.41,5.06406
59.42,5.06406
59.43,5.06406
59.44,5.06406
59.45,5.06406
59.46,5.06406
59.47,5.06406
59.48,5.06406
59.49,5.06406
59.5,5.06406
59.51,5.06406
59.52,5.06406
59.53,5.06406
59.54,5.06406
59.55,5.06406
59.56,5.06406
59.57,5.06406
59.58,5.06406
59.59,5.06406
59.6,5.06406
59.61,5.06406
59.62,5.06406
59.63,5.06406
59.64,5.06406
59.65,5.06406
59.66,5.06406
59.67,5.06406
59.68,5.06406
59.69,5.06406
59.7,5.06406
59.71,5.06406
59.72,5.06406
59.73,5.06406
59.74,5.06406
59.75,5.06406
59.76,5.06406
59.77,5.06406
59.78,5.06406
59.79,5.06406
59.8,5.06406
59.81,5.06406
59.82,5.06406
59.83,5.06406
59.84,5.06406
59.85,5.06406
59.86,5.06406
59.87,5.06406
59.88,5.06406
59.89,5.06406
59.9,5.06406
59.91,5.06406
59.92,5.06406
59.93,5.06406
59.94,5.06406
59.95,5.06406
59.96,5.06406
59.97,5.06406
59.98,5.06406
59.99,5.06406
60,5.06406
60.01,5.06406
60.02,5.06406
60.03,5.06406
60.04,5.06406
60.05,5.06406
60.06,5.06406
60.07,5.06406
60.08,5.06406
60.09,5.06406
60.1,5.06406
60.11,5.06406
60.12,5.06406
60.13,5.06406
60.14,5.06407
60.15,5.06407
60.16,5.06407
60.17,5.06407
60.18,5.06407
60.19,5.06407
60.2,5.06407
60.21,5.06407
60.22,5.06407
60.23,5.06407
60.24,5.06407
60.25,5.06407
60.26,5.06407
60.27,5.06407
60.28,5.06407
60.29,5.06407
60.3,5.06407
60.31,5.06407
60.32,5.06407
60.33,5.06407
60.34,5.06407
60.35,5.06407
60.36,5.06407
60.37,5.06407
60.38,5.06407
60.39,5.06407
60.4,5.06407
60.41,5.06407
60.42,5.06407
60.43,5.06407
60.44,5.06407
60.45,5.06407
60.46,5.06407
60.47,5.06407
60.48,5.06407
60.49,5.06407
60.5,5.06407
60.51,5.06407
60.52,5.06407
60.53,5.06407
60.54,5.06407
60.55,5.06407
60.56,5.06407
60.57,5.06407
60.58,5.06407
60.59,5.06407
60.6,5.06407
60.61,5.06407
60.62,5.06407
60.63,5.06407
60.64,5.06407
60.65,5.06407
60.66,5.06407
60.67,5.06407
60.68,5.06407
60.69,5.06407
60.7,5.06407
60.71,5.06407
60.72,5.06407
60.73,5.06407
60.74,5.06407
60.75,5.06407
60.76,5.06407
60.77,5.06407
60.78,5.06407
60.79,5.06407
60.8,5.06407
60.81,5.06407
60.82,5.06407
60.83,5.06407
60.84,5.06407
60.85,5.06407
60.86,5.06407
60.87,5.06407
60.88,5.06407
60.89,5.06407
60.9,5.06407
60.91,5.06407
60.92,5.06407
60.93,5.06407
60.94,5.06407
60.95,5.06407
60.96,5.06407
60.97,5.06407
60.98,5.06407
60.99,5.06407
61,5.06407
61.01,5.06407
61.02,5.06407
61.03,5.06407
61.04,5.06407
61.05,5.06407
61.06,5.06407
61.07,5.06407
61.08,5.06407
61.09,5.06407
61.1,5.06407
61.11,5.06407
61.12,5.06407
61.13,5.06407
61.14,5.06407
61.15,5.06407
61.16,5.06407
61.17,5.06407
61.18,5.06407
61.19,5.06407
61.2,5.06407
61.21,5.06407
61.22,5.06407
61.23,5.06407
61.24,5.06407
61.25,5.06408
61.26,5.06408
61.27,5.06408
61.28,5.06408
61.29,5.06408
61.3,5.06408
61.31,5.06408
61.32,5.06408
61.33,5.06408
61.34,5.06408
61.35,5.06408
61.36,5.06408
61.37,5.06408
61.38,5.06408
61.39,5.06408
61.4,5.06408
61.41,5.06408
61.42,5.06408
61.43,5.06408
61.44,5.06408
61.45,5.06408
61.46,5.06408
61.47,5.06408
61.48,5.06408
61.49,5.06408
61.5,5.06408
61.51,5.06408
61.52,5.06408
61.53,5.06408
61.54,5.06408
61.55,5.06408
61.56,5.06408
61.57,5.06408
61.58,5.06408
61.59,5.06408
61.6,5.06408
61.61,5.06408
61.62,5.06408
61.63,5.06408
61.64,5.06408
61.65,5.06408
61.66,5.06408
61.67,5.06408
61.68,5.06408
61.69,5.06408
61.7,5.06408
61.71,5.06408
61.72,5.06408
61.73,5.06408
61.74,5.06408
61.75,5.06408
61.76,5.06408
61.77,5.06408
61.78,5.06408
61.79,5.06408
61.8,5.06408
61.81,5.06408
61.82,5.06408
61.83,5.06408
61.84,5.06408
61.85,5.06408
61.86,5.06408
61.87,5.06408
61.88,5.06408
61.89,5.06408
61.9,5.06408
61.91,5.06408
61.92,5.06408
61.93,5.06408
61.94,5.06408
61.95,5.06408
61.96,5.06408
61.97,5.06408
61.98,5.06408
61.99,5.06408
62,5.06408
62.01,5.06408
62.02,5.06408
62.03,5.06408
62.04,5.06408
62.05,5.06408
62.06,5.06408
62.07,5.06408
62.08,5.06408
62.09,5.06408
62.1,5.06408
62.11,5.06408
62.12,5.06408
62.13,5.06408
62.14,5.06408
62.15,5.06408
62.16,5.06408
62.17,5.06408
62.18,5.06408
62.19,5.06408
62.2,5.06408
62.21,5.06408
62.22,5.06408
62.23,5.06408
62.24,5.06408
62.25,5.06408
62.26,5.06408
62.27,5.06408
62.28,5.06408
62.29,5.06408
62.3,5.06408
62.31,5.06408
62.32,5.06408
62.33,5.06408
62.34,5.06408
62.35,5.06408
62.36,5.06408
62.37,5.06408
62.38,5.06409
62.39,5.06409
62.4,5.06409
62.41,5.06409
62.42,5.06409
62.43,5.06409
62.44,5.06409
62.45,5.06409
62.46,5.06409
62.47,5.06409
62.48,5.06409
62.49,5.06409
62.5,5.06409
62.51,5.06409
62.52,5.06409
62.53,5.06409
62.54,5.06409
62.55,5.06409
62.56,5.06409
62.57,5.06409
62.58,5.06409
62.59,5.06409
62.6,5.06409
62.61,5.06409
62.62,5.06409
62.63,5.06409
62.64,5.06409
62.65,5.06409
62.66,5.06409
62.67,5.06409
62.68,5.06409
62.69,5.06409
62.7,5.06409
62.71,5.06409
62.72,5.06409
62.73,5.06409
62.74,5.06409
62.75,5.06409
62.76,5.06409
62.77,5.06409
62.78,5.06409
62.79,5.06409
62.8,5.06409
62.81,5.06409
62.82,5.06409
62.83,5.06409
62.84,5.06409
62.85,5.06409
62.86,5.06409
62.87,5.06409
62.88,5.06409
62.89,5.06409
62.9,5.06409
62.91,5.06409
62.92,5.06409
62.93,5.06409
62.94,5.06409
62.95,5.06409
62.96,5.06409
62.97,5.06409
62.98,5.06409
62.99,5.06409
63,5.06409
63.01,5.06409
63.02,5.06409
63.03,5.06409
63.04,5.06409
63.05,5.06409
63.06,5.06409
63.07,5.06409
63.08,5.06409
63.09,5.06409
63.1,5.06409
63.11,5.06409
63.12,5.06409
63.13,5.06409
63.14,5.06409
63.15,5.06409
63.16,5.06409
63.17,5.06409
63.18,5.06409
63.19,5.06409
63.2,5.06409
63.21,5.06409
63.22,5.06409
63.23,5.06409
63.24,5.06409
63.25,5.06409
63.26,5.06409
63.27,5.06409
63.28,5.06409
63.29,5.06409
63.3,5.06409
63.31,5.06409
63.32,5.06409
63.33,5.06409
63.34,5.06409
63.35,5.06409
63.36,5.06409
63.37,5.06409
63.38,5.06409
63.39,5.06409
63.4,5.06409
63.41,5.06409
63.42,5.06409
63.43,5.06409
63.44,5.06409
63.45,5.06409
63.46,5.06409
63.47,5.06409
63.48,5.06409
63.49,5.06409
63.5,5.06409
63.51,5.06409
63.52,5.0641
63.53,5.0641
63.54,5.0641
63.55,5.0641
63.56,5.0641
63.57,5.0641
63.58,5.0641
63.59,5.0641
63.6,5.0641
63.61,5.0641
63.62,5.0641
63.63,5.0641
63.64,5.0641
63.65,5.0641
63.66,5.0641
63.67,5.0641
63.68,5.0641
63.69,5.0641
63.7,5.0641
63.71,5.0641
63.72,5.0641
63.73,5.0641
63.74,5.0641
63.75,5.0641
63.76,5.0641
63.77,5.0641
63.78,5.0641
63.79,5.0641
63.8,5.0641
63.81,5.0641
63.82,5.0641
63.83,5.0641
63.84,5.0641
63.85,5.0641
63.86,5.0641
63.87,5.0641
63.88,5.0641
63.89,5.0641
63.9,5.0641
63.91,5.0641
63.92,5.0641
63.93,5.0641
63.94,5.0641
63.95,5.0641
63.96,5.0641
63.97,5.0641
63.98,5.0641
63.99,5.0641
64,5.0641
64.01,5.0641
64.02,5.0641
64.03,5.0641
64.04,5.0641
64.05,5.0641
64.06,5.0641
64.07,5.0641
64.08,5.0641
64.09,5.0641
64.1,5.0641
64.11,5.0641
64.12,5.0641
64.13,5.0641
64.14,5.0641
64.15,5.0641
64.16,5.0641
64.17,5.0641
64.18,5.0641
64.19,5.0641
64.2,5.0641
64.21,5.0641
64.22,5.0641
64.23,5.0641
64.24,5.0641
64.25,5.0641
64.26,5.0641
64.27,5.0641
64.28,5.0641
64.29,5.0641
64.3,5.0641
64.31,5.0641
64.32,5.0641
64.33,5.0641
64.34,5.0641
64.35,5.0641
64.36,5.0641
64.37,5.0641
64.38,5.0641
64.39,5.0641
64.4,5.0641
64.41,5.0641
64.42,5.0641
64.43,5.0641
64.44,5.0641
64.45,5.0641
64.46,5.0641
64.47,5.0641
64.48,5.0641
64.49,5.0641
64.5,5.0641
64.51,5.0641
64.52,5.0641
64.53,5.0641
64.54,5.0641
64.55,5.0641
64.56,5.0641
64.57,5.0641
64.58,5.0641
64.59,5.0641
64.6,5.0641
64.61,5.0641
64.62,5.0641
64.63,5.0641
64.64,5.0641
64.65,5.0641
64.66,5.0641
64.67,5.0641
64.68,5.06411
64.69,5.06411
64.7,5.06411
64.71,5.06411
64.72,5.06411
64.73,5.06411
64.74,5.06411
64.75,5.06411
64.76,5.06411
64.77,5.06411
64.78,5.06411
64.79,5.06411
64.8,5.06411
64.81,5.06411
64.82,5.06411
64.83,5.06411
64.84,5.06411
64.85,5.06411
64.86,5.06411
64.87,5.06411
64.88,5.06411
64.89,5.06411
64.9,5.06411
64.91,5.06411
64.92,5.06411
64.93,5.06411
64.94,5.06411
64.95,5.06411
64.96,5.06411
64.97,5.06411
64.98,5.06411
64.99,5.06411
65,5.06411
65.01,5.06411
65.02,5.06411
65.03,5.06411
65.04,5.06411
65.05,5.06411
65.06,5.06411
65.07,5.06411
65.08,5.06411
65.09,5.06411
65.1,5.06411
65.11,5.06411
65.12,5.06411
65.13,5.06411
65.14,5.06411
65.15,5.06411
65.16,5.06411
65.17,5.06411
65.18,5.06411
65.19,5.06411
65.2,5.06411
65.21,5.06411
65.22,5.06411
65.23,5.06411
65.24,5.06411
65.25,5.06411
65.26,5.06411
65.27,5.06411
65.28,5.06411
65.29,5.06411
65.3,5.06411
65.31,5.06411
65.32,5.06411
65.33,5.06411
65.34,5.06411
65.35,5.06411
65.36,5.06411
65.37,5.06411
65.38,5.06411
65.39,5.06411
65.4,5.06411
65.41,5.06411
65.42,5.06411
65.43,5.06411
65.44,5.06411
65.45,5.06411
65.46,5.06411
65.47,5.06411
65.48,5.06411
65.49,5.06411
65.5,5.06411
65.51,5.06411
65.52,5.06411
65.53,5.06411
65.54,5.06411
65.55,5.06411
65.56,5.06411
65.57,5.06411
65.58,5.06411
65.59,5.06411
65.6,5.06411
65.61,5.06411
65.62,5.06411
65.63,5.06411
65.64,5.06411
65.65,5.06411
65.66,5.06411
65.67,5.06411
65.68,5.06411
65.69,5.06411
65.7,5.06411
65.71,5.06411
65.72,5.06411
65.73,5.06411
65.74,5.06411
65.75,5.06411
65.76,5.06411
65.77,5.06411
65.78,5.06411
65.79,5.06411
65.8,5.06411
65.81,5.06411
65.82,5.06411
65.83,5.06411
65.84,5.06412
65.85,5.06412
65.86,5.06412
65.87,5.06412
65.88,5.06412
65.89,5.06412
65.9,5.06412
65.91,5.06412
65.92,5.06412
65.93,5.06412
65.94,5.06412
65.95,5.06412
65.96,5.06412
65.97,5.06412
65.98,5.06412
65.99,5.06412
66,5.06412
66.01,5.06412
66.02,5.06412
66.03,5.06412
66.04,5.06412
66.05,5.06412
66.06,5.06412
66.07,5.06412
66.08,5.06412
66.09,5.06412
66.1,5.06412
66.11,5.06412
66.12,5.06412
66.13,5.06412
66.14,5.06412
66.15,5.06412
66.16,5.06412
66.17,5.06412
66.18,5.06412
66.19,5.06412
66.2,5.06412
66.21,5.06412
66.22,5.06412
66.23,5.06412
66.24,5.06412
66.25,5.06412
66.26,5.06412
66.27,5.06412
66.28,5.06412
66.29,5.06412
66.3,5.06412
66.31,5.06412
66.32,5.06412
66.33,5.06412
66.34,5.06412
66.35,5.06412
66.36,5.06412
66.37,5.06412
66.38,5.06412
66.39,5.06412
66.4,5.06412
66.41,5.06412
66.42,5.06412
66.43,5.06412
66.44,5.06412
66.45,5.06412
66.46,5.06412
66.47,5.06412
66.48,5.06412
66.49,5.06412
66.5,5.06412
66.51,5.06412
66.52,5.06412
66.53,5.06412
66.54,5.06412
66.55,5.06412
66.56,5.06412
66.57,5.06412
66.58,5.06412
66.59,5.06412
66.6,5.06412
66.61,5.06412
66.62,5.06412
66.63,5.06412
66.64,5.06412
66.65,5.06412
66.66,5.06412
66.67,5.06412
66.68,5.06412
66.69,5.06412
66.7,5.06412
66.71,5.06412
66.72,5.06412
66.73,5.06412
66.74,5.06412
66.75,5.06412
66.76,5.06412
66.77,5.06412
66.78,5.06412
66.79,5.06412
66.8,5.06412
66.81,5.06412
66.82,5.06412
66.83,5.06412
66.84,5.06412
66.85,5.06412
66.86,5.06412
66.87,5.06412
66.88,5.06412
66.89,5.06412
66.9,5.06412
66.91,5.06412
66.92,5.06412
66.93,5.06412
66.94,5.06412
66.95,5.06412
66.96,5.06412
66.97,5.06412
66.98,5.06412
66.99,5.06412
67,5.06412
67.01,5.06412
67.02,5.06412
67.03,5.06413
67.04,5.06413
67.05,5.06413
67.06,5.06413
67.07,5.06413
67.08,5.06413
67.09,5.06413
67.1,5.06413
67.11,5.06413
67.12,5.06413
67.13,5.06413
67.14,5.06413
67.15,5.06413
67.16,5.06413
67.17,5.06413
67.18,5.06413
67.19,5.06413
67.2,5.06413
67.21,5.06413
67.22,5.06413
67.23,5.06413
67.24,5.06413
67.25,5.06413
67.26,5.06413
67.27,5.06413
67.28,5.06413
67.29,5.06413
67.3,5.06413
67.31,5.06413
67.32,5.06413
67.33,5.06413
67.34,5.06413
67.35,5.06413
67.36,5.06413
67.37,5.06413
67.38,5.06413
67.39,5.06413
67.4,5.06413
67.41,5.06413
67.42,5.06413
67.43,5.06413
67.44,5.06413
67.45,5.06413
67.46,5.06413
67.47,5.06413
67.48,5.06413
67.49,5.06413
67.5,5.06413
67.51,5.06413
67.52,5.06413
67.53,5.06413
67.54,5.06413
67.55,5.06413
67.56,5.06413
67.57,5.06413
67.58,5.06413
67.59,5.06413
67.6,5.06413
67.61,5.06413
67.62,5.06413
67.63,5.06413
67.64,5.06413
67.65,5.06413
67.66,5.06413
67.67,5.06413
67.68,5.06413
67.69,5.06413
67.7,5.06413
67.71,5.06413
67.72,5.06413
67.73,5.06413
67.74,5.06413
67.75,5.06413
67.76,5.06413
67.77,5.06413
67.78,5.06413
67.79,5.06413
67.8,5.06413
67.81,5.06413
67.82,5.06413
67.83,5.06413
67.84,5.06413
67.85,5.06413
67.86,5.06413
67.87,5.06413
67.88,5.06413
67.89,5.06413
67.9,5.06413
67.91,5.06413
67.92,5.06413
67.93,5.06413
67.94,5.06413
67.95,5.06413
67.96,5.06413
67.97,5.06413
67.98,5.06413
67.99,5.06413
68,5.06413
68.01,5.06413
68.02,5.06413
68.03,5.06413
68.04,5.06413
68.05,5.06413
68.06,5.06413
68.07,5.06413
68.08,5.06413
68.09,5.06413
68.1,5.06413
68.11,5.06413
68.12,5.06413
68.13,5.06413
68.14,5.06413
68.15,5.06413
68.16,5.06413
68.17,5.06413
68.18,5.06413
68.19,5.06413
68.2,5.06413
68.21,5.06413
68.22,5.06414
68.23,5.06414
68.24,5.06414
68.25,5.06414
68.26,5.06414
68.27,5.06414
68.28,5.06414
68.29,5.06414
68.3,5.06414
68.31,5.06414
68.32,5.06414
68.33,5.06414
68.34,5.06414
68.35,5.06414
68.36,5.06414
68.37,5.06414
68.38,5.06414
68.39,5.06414
68.4,5.06414
68.41,5.06414
68.42,5.06414
68.43,5.06414
68.44,5.06414
68.45,5.06414
68.46,5.06414
68.47,5.06414
68.48,5.06414
68.49,5.06414
68.5,5.06414
68.51,5.06414
68.52,5.06414
68.53,5.06414
68.54,5.06414
68.55,5.06414
68.56,5.06414
68.57,5.06414
68.58,5.06414
68.59,5.06414
68.6,5.06414
68.61,5.06414
68.62,5.06414
68.63,5.06414
68.64,5.06414
68.65,5.06414
68.66,5.06414
68.67,5.06414
68.68,5.06414
68.69,5.06414
68.7,5.06414
68.71,5.06414
68.72,5.06414
68.73,5.06414
68.74,5.06414
68.75,5.06414
68.76,5.06414
68.77,5.06414
68.78,5.06414
68.79,5.06414
68.8,5.06414
68.81,5.06414
68.82,5.06414
68.83,5.06414
68.84,5.06414
68.85,5.06414
68.86,5.06414
68.87,5.06414
68.88,5.06414
68.89,5.06414
68.9,5.06414
68.91,5.06414
68.92,5.06414
68.93,5.06414
68.94,5.06414
68.95,5.06414
68.96,5.06414
68.97,5.06414
68.98,5.06414
68.99,5.06414
69,5.06414
69.01,5.06414
69.02,5.06414
69.03,5.06414
69.04,5.06414
69.05,5.06414
69.06,5.06414
69.07,5.06414
69.08,5.06414
69.09,5.06414
69.1,5.06414
69.11,5.06414
69.12,5.06414
69.13,5.06414
69.14,5.06414
69.15,5.06414
69.16,5.06414
69.17,5.06414
69.18,5.06414
69.19,5.06414
69.2,5.06414
69.21,5.06414
69.22,5.06414
69.23,5.06414
69.24,5.06414
69.25,5.06414
69.26,5.06414
69.27,5.06414
69.28,5.06414
69.29,5.06414
69.3,5.06414
69.31,5.06414
69.32,5.06414
69.33,5.06414
69.34,5.06414
69.35,5.06414
69.36,5.06414
69.37,5.06414
69.38,5.06414
69.39,5.06414
69.4,5.06414
69.41,5.06414
69.42,5.06414
69.43,5.06415
69.44,5.06415
69.45,5.06415
69.46,5.06415
69.47,5.06415
69.48,5.06415
69.49,5.06415
69.5,5.06415
69.51,5.06415
69.52,5.06415
69.53,5.06415
69.54,5.06415
69.55,5.06415
69.56,5.06415
69.57,5.06415
69.58,5.06415
69.59,5.06415
69.6,5.06415
69.61,5.06415
69.62,5.06415
69.63,5.06415
69.64,5.06415
69.65,5.06415
69.66,5.06415
69.67,5.06415
69.68,5.06415
69.69,5.06415
69.7,5.06415
69.71,5.06415
69.72,5.06415
69.73,5.06415
69.74,5.06415
69.75,5.06415
69.76,5.06415
69.77,5.06415
69.78,5.06415
69.79,5.06415
69.8,5.06415
69.81,5.06415
69.82,5.06415
69.83,5.06415
69.84,5.06415
69.85,5.06415
69.86,5.06415
69.87,5.06415
69.88,5.06415
69.89,5.06415
69.9,5.06415
69.91,5.06415
69.92,5.06415
69.93,5.06415
69.94,5.06415
69.95,5.06415
69.96,5.06415
69.97,5.06415
69.98,5.06415
69.99,5.06415
70,5.06415
70.01,5.06415
70.02,5.06415
70.03,5.06415
70.04,5.06415
70.05,5.06415
70.06,5.06415
70.07,5.06415
70.08,5.06415
70.09,5.06415
70.1,5.06415
70.11,5.06415
70.12,5.06415
70.13,5.06415
70.14,5.06415
70.15,5.06415
70.16,5.06415
70.17,5.06415
70.18,5.06415
70.19,5.06415
70.2,5.06415
70.21,5.06415
70.22,5.06415
70.23,5.06415
70.24,5.06415
70.25,5.06415
70.26,5.06415
70.27,5.06415
70.28,5.06415
70.29,5.06415
70.3,5.06415
70.31,5.06415
70.32,5.06415
70.33,5.06415
70.34,5.06415
70.35,5.06415
70.36,5.06415
70.37,5.06415
70.38,5.06415
70.39,5.06415
70.4,5.06415
70.41,5.06415
70.42,5.06415
70.43,5.06415
70.44,5.06415
70.45,5.06415
70.46,5.06415
70.47,5.06415
70.48,5.06415
70.49,5.06415
70.5,5.06415
70.51,5.06415
70.52,5.06415
70.53,5.06415
70.54,5.06415
70.55,5.06415
70.56,5.06415
70.57,5.06415
70.58,5.06415
70.59,5.06415
70.6,5.06415
70.61,5.06415
70.62,5.06415
70.63,5.06415
70.64,5.06415
70.65,5.06415
70.66,5.06416
70.67,5.06416
70.68,5.06416
70.69,5.06416
70.7,5.06416
70.71,5.06416
70.72,5.06416
70.73,5.06416
70.74,5.06416
70.75,5.06416
70.76,5.06416
70.77,5.06416
70.78,5.06416
70.79,5.06416
70.8,5.06416
70.81,5.06416
70.82,5.06416
70.83,5.06416
70.84,5.06416
70.85,5.06416
70.86,5.06416
70.87,5.06416
70.88,5.06416
70.89,5.06416
70.9,5.06416
70.91,5.06416
70.92,5.06416
70.93,5.06416
70.94,5.06416
70.95,5.06416
70.96,5.06416
70.97,5.06416
70.98,5.06416
70.99,5.06416
71,5.06416
71.01,5.06416
71.02,5.06416
71.03,5.06416
71.04,5.06416
71.05,5.06416
71.06,5.06416
71.07,5.06416
71.08,5.06416
71.09,5.06416
71.1,5.06416
71.11,5.06416
71.12,5.06416
71.13,5.06416
71.14,5.06416
71.15,5.06416
71.16,5.06416
71.17,5.06416
71.18,5.06416
71.19,5.06416
71.2,5.06416
71.21,5.06416
71.22,5.06416
71.23,5.06416
71.24,5.06416
71.25,5.06416
71.26,5.06416
71.27,5.06416
71.28,5.06416
71.29,5.06416
71.3,5.06416
71.31,5.06416
71.32,5.06416
71.33,5.06416
71.34,5.06416
71.35,5.06416
71.36,5.06416
71.37,5.06416
71.38,5.06416
71.39,5.06416
71.4,5.06416
71.41,5.06416
71.42,5.06416
71.43,5.06416
71.44,5.06416
71.45,5.06416
71.46,5.06416
71.47,5.06416
71.48,5.06416
71.49,5.06416
71.5,5.06416
71.51,5.06416
71.52,5.06416
71.53,5.06416
71.54,5.06416
71.55,5.06416
71.56,5.06416
71.57,5.06416
71.58,5.06416
71.59,5.06416
71.6,5.06416
71.61,5.06416
71.62,5.06416
71.63,5.06416
71.64,5.06416
71.65,5.06416
71.66,5.06416
71.67,5.06416
71.68,5.06416
71.69,5.06416
71.7,5.06416
71.71,5.06416
71.72,5.06416
71.73,5.06416
71.74,5.06416
71.75,5.06416
71.76,5.06416
71.77,5.06416
71.78,5.06416
71.79,5.06416
71.8,5.06416
71.81,5.06416
71.82,5.06416
71.83,5.06416
71.84,5.06416
71.85,5.06416
71.86,5.06416
71.87,5.06416
71.88,5.06416
71.89,5.06417
71.9,5.06417
71.91,5.06417
71.92,5.06417
71.93,5.06417
71.94,5.06417
71.95,5.06417
71.96,5.06417
71.97,5.06417
71.98,5.06417
71.99,5.06417
